4.641757164298900840e+00 8.216449400111135171e-02 3.947079016468733187e-02 4.714695177675408411e-02 1.794604304625718498e+02
4.538945187558208083e+00 7.982464034188137270e-02 3.992373295701464458e-02 4.700619696591074037e-02 -1.682670989112725408e+02
4.436411955018720654e+00 8.257787651721348876e-02 3.948763794928431686e-02 4.401467542730305715e-02 -1.785535533479381911e+02
2.295504777205344737e+00 3.925205885134989692e-01 3.907287843861693977e-02 4.387132561506735390e-02 1.652800664792912926e+02
2.344329415572790953e+00 3.138740745859317505e-01 4.011436589532372393e-02 4.436597524693555727e-02 1.681762294676346698e+02
2.446524159364847684e+00 3.152900750344220238e-01 3.896149740904861214e-02 4.621890399665617294e-02 1.758422611865495639e+02
2.245053969282398310e+00 3.173904177314716968e-01 4.117284794598010528e-02 4.320089369659453615e-02 1.736348890422132172e+02
2.293985334151875666e+00 2.376978094400757913e-01 4.043786595965664227e-02 4.838110184060937652e-02 1.727255697972808832e+02
2.399191565315008656e+00 2.355629252411646224e-01 4.158735099387374234e-02 4.733382234491985419e-02 1.738096881886789333e+02
2.753650613353965770e+00 6.259130441026642400e-01 4.085169197908045113e-02 4.490717429121898752e-02 -1.528839904851244853e+02
2.700552531493416453e+00 5.508360124046222106e-01 3.906718341220531687e-02 4.618477352597886304e-02 1.709327514557763266e+02
2.450246562978517062e+00 4.700427074939059757e-01 4.327414252018556978e-02 4.585088216197309718e-02 -1.797835854700899745e+02
2.396661916180364837e+00 3.914562643632868988e-01 4.018387875375473844e-02 4.701692008232580267e-02 -1.685302493349527424e+02
9.680630649807090427e-01 8.046201398397194449e-02 4.098697628680804395e-02 4.603228112927758992e-02 -1.768433822467487175e+02
9.157312392304960413e-01 1.562965614472137388e-01 4.345363305259070802e-02 4.384362612442158080e-02 1.325108641905705440e+02
1.019228685569441906e+00 1.605506195500944200e-01 4.122968146139455864e-02 4.781931132963333081e-02 -1.742247478247728338e+02
8.662030305044767786e-01 7.466527249961936452e-02 3.988820181443333834e-02 4.500453073963618655e-02 1.723921136830631440e+02
7.648818465742813766e-01 2.352954396058499764e-01 4.167709672103169644e-02 4.505489053279251865e-02 1.501752332603829814e+02
8.186221990014317385e-01 1.574199765510516380e-01 4.108192295835644270e-02 4.440495135137250554e-02 1.677987468326085718e+02
1.023703363183256831e+00 6.283157771748134612e-01 4.094731460864597244e-02 4.413314411987378366e-02 -1.683424720943010300e+02
4.385027643041644829e+00 1.558460891631344714e-01 3.868150809030123510e-02 4.622061697140275593e-02 -1.679135162367767293e+02
4.333411946049812613e+00 7.884558158526548677e-02 3.608038559754390973e-02 4.907689447792579901e-02 1.738433554782191095e+02
4.898347939206079360e+00 4.722655647238349630e-01 3.987935617559006801e-02 4.603544914654526116e-02 -1.787734451964011555e+02
4.950104720908828249e+00 3.911656010896786828e-01 4.205366566414589502e-02 4.557501824761554104e-02 1.639044278904526379e+02
4.744945726767096694e+00 8.067304249245232928e-02 4.035323262243568215e-02 4.575338439461151124e-02 1.752173471522060026e+02
4.490057926025865953e+00 1.583404456173486130e-01 4.037559103704791569e-02 4.851909069854454248e-02 1.762271619424279834e+02
4.593049041706684932e+00 1.594353907940262716e-01 4.121200267444200677e-02 4.581060226959439430e-02 -1.743892275679252180e+02
4.283879296678397175e+00 6.286187526980479001e-01 4.268687033598543568e-02 4.584279695603742794e-02 1.698393421035823110e+02
4.387939627124818998e+00 6.320568689100628523e-01 4.173714177855850083e-02 4.822433089538671891e-02 -1.723868322003606011e+02
4.333925407526578510e+00 5.504084983878244630e-01 4.188965571050170394e-02 4.410923050788880667e-02 -1.729425704488708959e+02
4.383238116422091046e+00 4.700231505416685440e-01 4.065393222576060839e-02 4.590591261302801041e-02 -1.649492131024101695e+02
3.470550545436017043e+00 1.587909750875390325e-01 4.088802232002239356e-02 4.603692647578471603e-02 1.731544387186445420e+02
3.520631193588584562e+00 3.919978687925047001e-01 4.052513541014617776e-02 4.600144971751687906e-02 -1.560400180297270367e+02
3.515710999994976049e+00 7.648787693876654692e-02 4.226256645913371163e-02 4.588773863611531750e-02 -1.486720342324371984e+02
7.628414807409393816e-01 3.958726423532561434e-01 3.918986298117903971e-02 4.699620508251388384e-02 1.721763097224389583e+02
7.134244631563463335e-01 3.168872063070682921e-01 4.205848153988576282e-02 4.567347304086940424e-02 1.614410995478356767e+02
3.085084372612081349e-01 6.278559476834645325e-01 3.983755787630807038e-02 4.609176355897047495e-02 -1.624091901433862120e+02
2.346860423984935995e+00 6.278586553269925874e-01 3.861933002034038248e-02 4.651191192314362011e-02 1.797795960619544360e+02
2.347071123474066656e+00 4.708939432064782049e-01 4.212495836399217375e-02 4.651945104249149976e-02 1.743731095711532646e+02
2.397112582180464191e+00 5.493202356186280833e-01 4.240568544064023115e-02 4.511153635630509029e-02 1.795872626673771890e+02
2.242180220452887340e+00 6.280921603064401060e-01 3.847041845269908583e-02 4.798103664163402837e-02 1.754380836148386607e+02
2.295220053847450536e+00 5.519301866371959520e-01 4.038480841735265364e-02 4.595054661493000459e-02 1.760927340164299721e+02
2.500121001136303089e+00 2.374093280194429501e-01 4.269164546116640396e-02 4.327359026846449436e-02 -1.435649845825390969e+02
2.294789870727643510e+00 8.124313834761265340e-02 3.830662404687204536e-02 4.685549976353153845e-02 1.769171928993822576e+02
2.344574363961136942e+00 1.584144840300885093e-01 4.041256434295036060e-02 4.704583793489255927e-02 -1.798104354133135985e+02
2.240040379168793283e+00 1.579530430682591913e-01 4.354025810245453626e-02 4.547699590630626537e-02 1.700846980306225191e+02
2.193631017544410700e+00 7.717810765748452095e-02 3.979217346300865238e-02 4.650278928388817956e-02 1.766205600543872833e+02
1.069814228629776265e+00 8.180475226564347391e-02 4.220489950629640469e-02 4.564607814361165000e-02 -1.718924315915482168e+02
1.172292468122362985e+00 8.606309180045372542e-02 4.120492946579055321e-02 4.766929875431528268e-02 -1.601942876875197328e+02
1.122284388171108427e+00 1.615741887569613344e-01 3.754715198373108354e-02 4.614603612631840851e-02 -1.755806213784722729e+02
2.551402048101979236e+00 6.259707369869800253e-01 3.715709167774108868e-02 4.597967797878390467e-02 -1.728344526920181465e+02
2.600591011794115115e+00 5.524258418262798509e-01 4.151267506463086204e-02 4.628435788821087110e-02 -1.689071477360986080e+02
2.498024785002864068e+00 5.524728540450829506e-01 3.878721107736016194e-02 4.509524549042770447e-02 -1.745173301356063575e+02
2.449043942295394682e+00 6.282707562333392781e-01 3.898092510610233485e-02 4.571410856880744195e-02 1.742040854185095498e+02
2.652895894317094161e+00 6.321983667925656913e-01 4.209001748272157839e-02 4.421150486761515203e-02 1.743401249822852606e+02
6.117270945357101697e-01 3.141789711260645213e-01 4.167094612280138055e-02 4.655701318596545957e-02 -1.561958268794226967e+02
9.693848070323558552e-01 5.508482739219634494e-01 3.955011948013850004e-02 4.583474374181514821e-02 -1.665272385920876843e+02
8.669762481241475305e-01 5.486399905853632797e-01 4.236180626125155696e-02 4.667361754437991672e-02 -1.565651588430546326e+02
8.140117604938962304e-01 4.694886902999038103e-01 3.968674649234446572e-02 4.751210620966653253e-02 1.630130630617335612e+02
9.213193624289357508e-01 6.284490974432997978e-01 4.093000327704070240e-02 4.813534986127347010e-02 -1.780697045120409427e+02
4.743138246408159731e+00 5.559238698613238050e-01 4.343279547024782306e-02 4.626398804837963952e-02 -1.595510370952353298e+02
4.848005676450795498e+00 3.954540495376445697e-01 4.116893190692484661e-02 4.545759189512296738e-02 -1.759449661566677889e+02
4.794703385615573410e+00 4.754798987020993906e-01 3.981720767760929536e-02 4.646863480519347611e-02 1.545261791929909521e+02
4.898942259289694512e+00 6.292200872941843270e-01 4.239824407442614046e-02 4.379283981562251404e-02 1.529240097537545182e+02
4.847438266588049771e+00 5.497783102152319357e-01 3.974736263096630140e-02 4.892395263594773169e-02 1.752488332665639064e+02
4.951695330954106744e+00 5.506111153519682722e-01 4.124970932076418156e-02 4.564253566382592969e-02 -1.786163744114869871e+02
4.796358582957594763e+00 6.325814493837214059e-01 4.207397171448520878e-02 4.689119413091601130e-02 1.632273484465335400e+02
4.434537767687623422e+00 5.501315390950491935e-01 4.120658219074105344e-02 4.595183773476019945e-02 -1.692144841612841901e+02
4.746637539311240772e+00 3.944704871374387634e-01 4.113637468214539905e-02 4.600491188098631418e-02 -1.726660611635057592e+02
4.896293479848608854e+00 3.134791923683846737e-01 4.155242510911357628e-02 4.611860902109168880e-02 1.665817260607095420e+02
4.182865949401462835e+00 6.284756517018174060e-01 4.195440501616307105e-02 4.510335258978373507e-02 -1.706344834013594607e+02
3.622120576509313405e+00 3.929587318188419442e-01 3.878095530403683627e-02 4.568487248889822189e-02 1.732774524529799578e+02
4.097825657861542403e-01 6.308243210455651839e-01 4.245881082764764447e-02 4.588427411967758301e-02 1.689880558684159553e+02
3.580561233820857558e-01 5.521130758525717441e-01 3.953319747370429016e-02 4.356534056687013517e-02 1.729754683113980605e+02
3.067585388974511384e-01 4.758919073206043238e-01 3.841313373615565935e-02 4.381269415025872138e-02 -1.613068622439797366e+02
5.100642676776437900e-01 6.318975528474265468e-01 4.264840878616560360e-02 4.464247464012739697e-02 1.797121364526941818e+02
7.114710945462215941e-01 6.283363520266608271e-01 4.021339816030949921e-02 4.541022386312255216e-02 -1.616920661053418655e+02
7.636115487767534127e-01 5.493369644838589361e-01 4.124847461556675754e-02 4.504979483807139418e-02 1.725688636422979130e+02
8.157245726314731327e-01 6.291120018324080077e-01 4.167681976373282388e-02 4.890920503941403874e-02 1.720473358039477034e+02
6.102743557602715585e-01 6.295735761112244422e-01 4.015240673141082933e-02 4.567428007162225440e-02 1.440153165799534349e+02
6.619613194657337774e-01 5.500181805364113830e-01 4.026112618682178151e-02 4.646301817468827949e-02 1.758224181312433245e+02
6.610137761944242518e-01 3.947680750517757464e-01 4.044036354165583824e-02 4.512916157358101005e-02 -1.692367119815926628e+02
7.123463843351526270e-01 4.733627684716372186e-01 3.867081619675641346e-02 4.442687846271595187e-02 -1.740927678663043139e+02
2.601117554643530116e+00 2.369819639629335839e-01 3.961137016079280260e-02 4.522960908134199265e-02 1.691186162718839796e+02
2.602431851433427479e+00 3.905019146272223352e-01 4.314092222283049533e-02 4.533484533940886768e-02 1.588357241703257046e+02
2.549881307773548489e+00 3.130211242001426641e-01 3.634171081795896374e-02 4.777626335880146013e-02 1.794868022027405061e+02
2.500598563927243223e+00 3.898285172805899812e-01 4.077043788487488829e-02 4.657262853063234148e-02 -1.685833310744772007e+02
2.651264142611228891e+00 4.713190069756141853e-01 4.202981689020479639e-02 4.447763464596663635e-02 1.749536054234405640e+02
2.551436389351243061e+00 4.737507134625726368e-01 4.313938293699386833e-02 4.540776943201352278e-02 1.475887365610149118e+02
2.448299503826825152e+00 1.557554224376606344e-01 4.149675296527981921e-02 4.742836351587165211e-02 -1.647860008875293261e+02
2.396607186259050337e+00 7.941204318281376573e-02 3.837295542520289399e-02 4.447836599772631017e-02 1.682772547069146469e+02
1.276526056290243405e+00 8.527080155997117383e-02 4.031775679367232551e-02 4.604846584576267887e-02 1.757291649091459078e+02
1.124042059769189583e+00 6.256487511356110254e-01 4.108776381627926577e-02 4.446276740373000108e-02 1.519027510087502151e+02
1.073218472730924633e+00 5.513847823742008547e-01 3.803593988044980112e-02 4.843153734428708168e-02 1.772372234806747713e+02
1.070181131179284151e+00 2.376216517551015539e-01 3.890501142035756449e-02 4.383226255592209686e-02 -1.769127868504828314e+02
1.786624902887240074e+00 2.298326043456351275e-01 4.132566653455341243e-02 4.645525052775693192e-02 -1.725886227308762102e+02
1.838251246550535178e+00 3.119189147125336903e-01 4.368060796929167794e-02 4.539058029797175126e-02 -1.405293700433896902e+02
1.887746897319407147e+00 2.325264602643784817e-01 3.984318466500888500e-02 4.526428180252509842e-02 -1.799379825771721926e+02
1.837845142081504735e+00 1.551068960072789493e-01 3.834559203634175378e-02 4.288609064508693003e-02 -1.722484594509813007e+02
1.735410746285290351e+00 1.546813426848312190e-01 3.729969517193764544e-02 4.815090719058028046e-02 1.667755320322196440e+02
1.786523477087634371e+00 7.932810135301643362e-02 3.833187602284096607e-02 4.562872041492206654e-02 -1.477490117373741896e+02
2.192833387020470592e+00 2.371834833370006501e-01 3.887929908144299035e-02 4.570752408588860116e-02 -1.427317749033340704e+02
2.140574616093875893e+00 1.551511389042113664e-01 4.015158981825884404e-02 4.433141142653751476e-02 -1.607095221778264431e+02
1.985766679513857325e+00 7.921018509576545352e-02 4.004189089088130982e-02 4.833327004290702972e-02 -1.706644590049066608e+02
2.090137168095406395e+00 7.653162473304873925e-02 3.906484318636777031e-02 4.668829546694257260e-02 1.578386084518476764e+02
2.039664019629562119e+00 1.574085966749460830e-01 4.399044498647530083e-02 4.645077082022556342e-02 -1.729864129375686161e+02
1.935752197993758861e+00 1.550798176057998357e-01 3.940477856571624610e-02 4.612869832506576867e-02 -1.640680152279355184e+02
1.883945975412155471e+00 7.869926614037331403e-02 3.839714693028643822e-02 4.300223219406999753e-02 1.630623252216969661e+02
2.855263849933340481e+00 6.287278326896530434e-01 4.121997071552372521e-02 4.941714298403149935e-02 1.643621823493639624e+02
5.599050005949347542e-01 2.342807875244143911e-01 3.914384099095864766e-02 4.577095274734833963e-02 1.720877714485658885e+02
6.623426074488555360e-01 2.371934910904055227e-01 3.979291631649299610e-02 4.694167030892791581e-02 -1.699932793738568364e+02
4.028203612223439922e-01 3.123215649258768711e-01 4.180048075914505334e-02 4.641514006703768153e-02 1.683681611366798165e+02
3.540905291672989397e-01 3.970704898076370948e-01 3.951736536801972455e-02 4.490870782602288808e-02 1.524541745620511790e+02
4.580406291069504809e-01 2.351133971657661803e-01 4.174708369472598934e-02 4.547007992466867154e-02 1.580337600961338467e+02
5.073065210483859167e-01 3.128293704545835330e-01 4.029375236435647073e-02 4.813757014140482293e-02 -1.778087642653634077e+02
3.563149226131934744e-01 8.379517561844795903e-02 3.976018618307622376e-02 4.705561116685200856e-02 1.795268491013141841e+02
4.091957347272695000e-01 1.580996875219883302e-01 3.867435013794971038e-02 4.786596659120165992e-02 1.706244160364183244e+02
1.018066749192976683e+00 4.745456538326877638e-01 3.887747932925964683e-02 4.651339322021256356e-02 -1.554486052758007020e+02
9.179375680091479417e-01 4.694096696823489290e-01 4.043615913933875511e-02 4.588293712010572956e-02 -1.788864602488837079e+02
4.593213847982362985e+00 6.321942661704608168e-01 4.248834974041439116e-02 4.390580239305891946e-02 1.298709395886118614e+02
4.692259095562515192e+00 6.332711009859005591e-01 3.826541802552491794e-02 4.628048369566929027e-02 1.777849230912480891e+02
4.492352613240486292e+00 6.293296340874683370e-01 4.190315536968496068e-02 4.682303819416031715e-02 -1.717158923724357749e+02
4.740336463167261094e+00 2.371971027738599691e-01 4.045296188761267342e-02 4.651516626991399755e-02 1.741462626035260541e+02
4.641116975765527286e+00 2.365502727727961385e-01 3.896307728495184558e-02 4.404686986014559602e-02 1.590995014754610679e+02
4.693686104725180108e+00 1.581288723613775982e-01 4.011024719157436219e-02 4.346148207906126715e-02 1.695434575421432442e+02
4.690715984203066569e+00 3.160794754170034304e-01 3.972276793799226630e-02 4.696817996334282791e-02 -1.551676164505508382e+02
4.793107027922530072e+00 3.147158448101319839e-01 4.368156545663505474e-02 4.647930116625671043e-02 -1.769093274871584072e+02
4.490769999360550102e+00 3.154794046938934060e-01 4.187048236380645078e-02 4.526569541061092189e-02 -1.716020070497379493e+02
4.437085103803297237e+00 3.941338512618697276e-01 4.123654485592690572e-02 4.637062563801254422e-02 -1.785183413448964984e+02
4.388265118964699951e+00 3.144188321557596644e-01 4.152977609664131736e-02 4.705963750112165250e-02 -1.723900929086114218e+02
4.541415348527655382e+00 2.375600718389403176e-01 4.030565690198933265e-02 4.598111790583683106e-02 -1.640680690748498307e+02
4.590571794551675744e+00 3.164755137606417024e-01 4.009848167165752653e-02 4.446213114173214881e-02 1.414994182212170131e+02
4.438214650304012743e+00 2.325726823644111985e-01 4.113370303482138252e-02 4.680512996301711831e-02 -1.641072634182818319e+02
4.587850305032652898e+00 4.728629473845558651e-01 4.097123399825221279e-02 4.718622340586242636e-02 1.735909545407342023e+02
4.538946930044969186e+00 5.513971270037558714e-01 3.851312872926841019e-02 4.937434562831360257e-02 -1.649251909507921425e+02
4.484550876583745627e+00 4.747080895582247440e-01 3.956961114383504563e-02 4.424841013721810684e-02 1.698603726374635414e+02
4.538706381125449774e+00 3.951615320605916248e-01 4.072259971301239734e-02 4.584722426033423226e-02 1.729269476678479691e+02
4.641499900741854923e+00 5.511444031368241125e-01 4.254097973053037884e-02 4.435879379231915526e-02 -1.723795349270448014e+02
4.641671945753986783e+00 3.940265229550274917e-01 3.958462046751023283e-02 4.802414553471773262e-02 1.745908852865519520e+02
4.691807576207430053e+00 4.723884897972404073e-01 4.042121805857071953e-02 4.750772260278334630e-02 -1.683476560320392537e+02
4.894627594627920963e+00 1.567227429428273699e-01 4.070607461309520836e-02 4.443220560528689939e-02 1.731690268351891859e+02
4.793972736678733249e+00 1.593765695492647683e-01 4.153237675598455553e-02 4.556914792729359343e-02 1.602273936058727770e+02
4.847650369906720158e+00 7.774380908662925638e-02 4.177778483366870188e-02 4.719681944308184302e-02 1.527414067158693172e+02
4.844691548778446766e+00 2.351055327442445331e-01 3.853595890302610044e-02 4.690686168957185903e-02 -1.781658274569570040e+02
4.945713405059763978e+00 2.344502609865486420e-01 3.881940448790557191e-02 4.458412824770635607e-02 1.786068710968772848e+02
4.947802517105721165e+00 7.894926126901788410e-02 4.173851589049517447e-02 4.452792087706236579e-02 -1.784150200502788266e+02
3.061810102651092880e+00 3.143147029611825793e-01 4.275157884809734077e-02 4.330292527063929475e-02 -1.695154529026504235e+02
3.162478258707903667e+00 3.166672028168051045e-01 3.944426079022914089e-02 4.651047534378259518e-02 1.776718990080295555e+02
3.414600187835860279e+00 7.927802905760897301e-02 4.179641755547263554e-02 4.633369536000150890e-02 1.673174315492972823e+02
3.312706189264024825e+00 7.971477969378289175e-02 3.861622404940034947e-02 4.552345652136622484e-02 -1.737413586682925768e+02
3.366590462590807409e+00 1.589099198597558049e-01 4.152607156368976621e-02 4.694244136054637195e-02 -1.587850836143026356e+02
3.364055130835501117e+00 3.154046715655341449e-01 4.184103728412606055e-02 4.556372900141644755e-02 -1.649903335561782285e+02
3.312654803393007441e+00 2.342391161503924180e-01 3.905259733298988706e-02 4.649891213349372637e-02 -1.703125921973435482e+02
3.263050281726055157e+00 3.136206610385717242e-01 4.132312193288448926e-02 4.465049048097846640e-02 -1.721537442028481166e+02
3.416471716595653962e+00 2.371455535003264004e-01 3.889205070304477957e-02 4.897710892577452485e-02 1.646198246456872596e+02
3.468568364752989908e+00 3.125731047609370261e-01 4.117663126474847141e-02 4.737451660947628734e-02 1.743806354611444362e+02
3.007525408796365429e+00 2.371917883820507666e-01 4.107435170359594739e-02 4.806208697750345704e-02 1.734468090989412019e+02
3.162468197473446541e+00 1.592425691644224206e-01 3.933208907057855752e-02 4.736186520126661748e-02 1.787223802354514817e+02
3.112084768473248442e+00 2.364487897980006303e-01 4.027691628243298960e-02 4.621867679000112028e-02 -1.615550876203413964e+02
3.212325237450655013e+00 2.368988796805253649e-01 3.992171124046268310e-02 4.481820135369886382e-02 1.381218810752227171e+02
3.211739046142142229e+00 7.939510456911734460e-02 4.065746180270481125e-02 4.402537074614910895e-02 1.772303579905028812e+02
3.059400409666240606e+00 1.583136402058331338e-01 4.115241146002543426e-02 4.589305343416664323e-02 -1.671016125603164824e+02
3.264289674989873102e+00 1.558514240786249005e-01 4.039776864566306525e-02 4.611481288976200521e-02 1.730329112837679588e+02
3.214168417469460692e+00 3.929830607323563374e-01 4.186037769825116245e-02 4.576610645400244065e-02 1.581842930111449448e+02
3.264252752816991787e+00 6.313546411927373203e-01 4.089474358153727396e-02 4.572645150127963715e-02 1.682422806280608540e+02
3.316671824571523430e+00 3.966515602191528767e-01 3.954850888851758201e-02 4.938635156789528829e-02 -1.476345313964716297e+02
3.267230388394144924e+00 4.748171219263341292e-01 4.224898301864813549e-02 4.780428835327379250e-02 -1.745250454797170505e+02
3.417730791032208781e+00 3.935376523124347048e-01 4.089001236592920002e-02 4.874604230840608177e-02 1.433474521226360139e+02
4.079640853461122596e+00 6.290907095062701071e-01 4.010587086582520500e-02 4.763984076838310294e-02 1.637683160570873326e+02
4.333603587429696979e+00 3.924196701006338883e-01 3.961473492687920400e-02 4.763808264493784445e-02 1.552975162325721215e+02
3.827669857746343052e+00 3.951023037143046590e-01 4.333941585096582477e-02 4.522577365829313911e-02 1.250196130913470824e+02
3.725163594142433698e+00 3.903383761594728107e-01 4.207884275697033882e-02 4.712513214973406556e-02 -1.736540151414028799e+02
3.775633598908529454e+00 3.128251254474076481e-01 4.022784661639134535e-02 4.805473888012217615e-02 -1.636939904344405932e+02
3.569955689382530384e+00 4.728256311732832451e-01 4.044592934274131302e-02 4.586827328046030883e-02 1.622047838114584692e+02
3.978109659196525261e+00 6.286616132749186514e-01 4.060833733255369421e-02 4.523645402424124329e-02 1.765357774414119376e+02
3.925215050248029414e+00 8.021165868376230190e-02 3.989260962431286084e-02 4.661864223118441369e-02 -1.619094229857335279e+02
3.821260590224779374e+00 2.343660036067347907e-01 3.872609550643555526e-02 4.652385590317981157e-02 1.749204411474820802e+02
3.823595397924934858e+00 7.915504481815427429e-02 4.137661305384318644e-02 4.621745870091256703e-02 1.548560248926218605e+02
3.875283670933067359e+00 1.578133609094108658e-01 4.007022986114286422e-02 4.714401883238999308e-02 -1.690399458392785448e+02
3.617352440103336786e+00 7.840482569188848838e-02 4.012810808736174545e-02 4.603891222970823982e-02 -1.634701916664509724e+02
3.720641080973511539e+00 8.423452248932793152e-02 3.762046287745657303e-02 4.830245738646724019e-02 -1.734088408107732846e+02
3.772813184345041648e+00 1.597031461803337105e-01 4.017078214914507339e-02 4.822778446209107645e-02 1.497313697760757805e+02
3.622544367005342547e+00 2.356732154242042743e-01 4.037720440941854061e-02 4.329426435808301360e-02 1.562021444152586866e+02
3.719421081859761724e+00 2.381981569844956459e-01 3.993689827613443322e-02 4.326097168470250526e-02 -1.667834567941183366e+02
3.671305244725685313e+00 3.149021558973623125e-01 3.921436051253856386e-02 4.593940202564482378e-02 1.786134729461632844e+02
3.571196861659335031e+00 3.152768587536964318e-01 4.199341175549231586e-02 4.500743025462383695e-02 1.757278534547610604e+02
3.671906511385130134e+00 1.583143240629368009e-01 3.920501337820447851e-02 4.463199505012125506e-02 -1.514383508837858585e+02
3.572823503937802680e+00 1.567800295016811563e-01 4.030034474324271920e-02 4.631272079248952012e-02 -1.655298501345529019e+02
3.522665773071497863e+00 2.341656340386255586e-01 3.991300777923963844e-02 4.680479913339694736e-02 -1.729276795614378273e+02
5.081156178025995063e-01 4.723145047035102739e-01 4.074659204920570016e-02 4.765504409119800805e-02 -1.764581372134646244e+02
4.575886912702678000e-01 5.505013336479193109e-01 3.978207193511597989e-02 4.521177492561415795e-02 -1.576528241167692386e+02
5.599983816709066531e-01 5.511195890799954755e-01 4.092569842520639434e-02 4.705784774691743749e-02 1.743601232836647057e+02
6.110674233709751935e-01 4.722178075454322443e-01 4.056717656779726400e-02 4.483825816532902020e-02 -1.705391529084335787e+02
5.593920500830192877e-01 3.934019558925672122e-01 4.079606872227550807e-02 4.657086353959506014e-02 1.704627558853700577e+02
4.545864538894373030e-01 3.914493782729083216e-01 4.330573896714368792e-02 4.666195936699762958e-02 -1.595311082206559092e+02
4.051229825525460293e-01 4.728980615848075719e-01 4.059784439959552432e-02 4.553829849764859383e-02 1.704926127836681644e+02
1.519496914502489748e-01 5.436909083005039278e-01 4.085919510108443342e-02 4.708415769282545821e-02 -1.741609445443439199e+02
2.058120285776713354e-01 4.737817836397986149e-01 3.878385393814677562e-02 4.689445080877845812e-02 -1.795994367461984780e+02
1.002872622787803619e-01 4.700562343387422737e-01 3.864095726599826169e-02 4.612507187257674363e-02 1.762096838463079393e+02
1.015918189107752750e-01 6.233343906393359335e-01 4.083222081328666264e-02 4.732742766533160755e-02 -1.780281358269739371e+02
2.048850167589455762e-01 6.202166977558087879e-01 4.149473228538679698e-02 4.756270750073929993e-02 1.772249403392956140e+02
2.577398425838964280e-01 5.491264410258575035e-01 3.691963080534080288e-02 4.739641773231362265e-02 -1.696864852645389590e+02
1.888186060038817615e+00 3.904858920799445521e-01 3.751079324356329514e-02 4.674429656201101180e-02 -1.792142890115050591e+02
2.652455405872860883e+00 3.138353405144012620e-01 3.941778757381202841e-02 4.556805684773793108e-02 -1.605958900328110133e+02
2.908261099415319517e+00 7.828621551687540980e-02 4.130376768473409399e-02 4.719007663976210187e-02 1.779698208704139404e+02
2.909070227845568013e+00 2.376077323915598283e-01 4.137872018006307634e-02 4.590554996325862253e-02 -1.405214329743920416e+02
2.958314092507507098e+00 1.553124830048685234e-01 4.086557612725814220e-02 4.570557234666683399e-02 1.449879186198089656e+02
2.753513371282801714e+00 1.603591478673360715e-01 4.128770712347341887e-02 4.757679283423790068e-02 1.735347014455915087e+02
2.803922587626042517e+00 8.057268947598368591e-02 3.955859089748211405e-02 4.765275720083259059e-02 -1.716644526988905568e+02
2.702866927751241377e+00 2.358513808540547430e-01 3.953591523007718433e-02 4.758726710552915740e-02 -1.754236411556668713e+02
2.806845545306973388e+00 2.360165831943261683e-01 3.993806419286523995e-02 4.464537094034315423e-02 -1.738987347763203957e+02
2.857750854376442717e+00 1.581277724029244991e-01 4.002611548923259294e-02 4.581015629954388046e-02 -1.791393517286776671e+02
2.601283652666376955e+00 7.728935210115626953e-02 3.939624491174299054e-02 4.492990275570168945e-02 1.606521759391826834e+02
2.550027502391838841e+00 1.591650098807404767e-01 4.109775482159606225e-02 4.483084963926807498e-02 1.640077946830010944e+02
2.650041947563402278e+00 1.585125463970891990e-01 4.126532476924516663e-02 4.625203562444769878e-02 -1.559538205790810537e+02
2.500763442947105730e+00 7.842834704631403142e-02 4.180514954167949271e-02 4.696805272944650639e-02 -1.760757744449094275e+02
2.701635659090053654e+00 8.052740522856048633e-02 4.136047738230318876e-02 4.497779750335645366e-02 -1.731469542108800681e+02
1.170893352973489510e+00 2.383717657223827224e-01 3.879475184900504220e-02 4.536140024323358222e-02 -1.730516778264485822e+02
1.225819444932897628e+00 1.648796600349490549e-01 4.299709417585783483e-02 4.638854075218942080e-02 1.709886045999950284e+02
1.682585512735700339e+00 2.336458991914205363e-01 4.457040294404052833e-02 4.614775242039474701e-02 1.725978286269004229e+02
2.040849031616187137e+00 3.119953657373879530e-01 3.999043977463736382e-02 4.831118773477168643e-02 1.739536356663745096e+02
2.094180557886352823e+00 2.361853390108598350e-01 4.148826421855706520e-02 4.537303864524876856e-02 1.701406105934508446e+02
1.989222606502548674e+00 2.347606514908787967e-01 4.060665950092690046e-02 4.730655940935964143e-02 -1.717461344925115156e+02
2.145601813024921256e+00 3.158198141591087582e-01 3.953443657330554112e-02 4.628283046103758708e-02 -1.697807172777382050e+02
1.938394455531888605e+00 3.127773600237535034e-01 4.038687346900797503e-02 4.361499897233556827e-02 -1.671592856679485806e+02
5.118654265896763755e-01 1.563932338652866405e-01 3.919945580075635816e-02 4.596797421656859117e-02 -1.755370462244939063e+02
4.597190091902483844e-01 7.762793339864280939e-02 4.351449551440839114e-02 4.610560792513175576e-02 1.603704787611515883e+02
6.606899042160815361e-01 7.699856016055107999e-02 4.058766740140869883e-02 4.568960280868375468e-02 -1.738588714233200392e+02
6.128255471711545610e-01 1.570086466763908617e-01 4.173073205040893352e-02 4.379986756343681037e-02 1.578610679398437640e+02
7.144603518342740323e-01 1.580760706846086883e-01 4.091870314712983681e-02 4.877956031318728819e-02 -1.677056173649251321e+02
5.607417449235295726e-01 7.868187956115567372e-02 4.048256678780663698e-02 4.481271787093597109e-02 -1.601978666101535396e+02
7.639439291815753874e-01 8.164473082760731470e-02 4.246970101285860860e-02 4.679129821093887254e-02 -1.655785318621422846e+02
3.537434101141771481e-01 2.345313243673168568e-01 3.928781520241624720e-02 4.702903036811143661e-02 1.662919746477552110e+02
1.526999600772303012e-01 7.772652943187731422e-02 3.933178495852950041e-02 4.572101831852621451e-02 -1.709706816464170060e+02
2.542149892868427741e-01 7.619453568959524969e-02 4.158107189063335596e-02 4.383878379916797408e-02 -1.574291256940144024e+02
3.029996972127954602e-01 1.569852233635682659e-01 4.046397961946785610e-02 4.680682676297762829e-02 -1.666098235203471631e+02
9.176085296532078273e-01 3.124614625294874215e-01 3.759702619196905737e-02 4.733907469511192817e-02 1.776807317183136377e+02
1.022012811381107777e+00 3.131931545227070735e-01 4.180798743694345843e-02 4.605195454793461346e-02 -1.593759870432561456e+02
9.662713276827431530e-01 2.352024531672639585e-01 3.990857109644044970e-02 4.918399794554476762e-02 -1.679389844518937309e+02
9.685050641925977422e-01 3.915103665826419888e-01 4.270699471085506044e-02 4.426486252637517466e-02 -1.521738472556204442e+02
8.639921935653319673e-01 2.387275330207768997e-01 4.088919566922095961e-02 4.438787460776710825e-02 1.599834415143903641e+02
8.667836542267087774e-01 3.907656580142091496e-01 4.161454157694372685e-02 4.608027506908072418e-02 1.761387977504089122e+02
8.144275146253926456e-01 3.170930973065069214e-01 4.063303903002019046e-02 4.551145172970370856e-02 -1.774970414044508971e+02
1.785762978403782952e+00 5.498072827385095396e-01 4.230095602308425046e-02 4.732734281052128344e-02 1.680067759986960141e+02
1.730757065782780657e+00 6.246636794911141211e-01 4.041893253992171614e-02 4.703195829771918829e-02 -1.587251932930330156e+02
1.836999502259736294e+00 4.686381162262255873e-01 4.188485423583732103e-02 4.325822058622974531e-02 1.266424335170390236e+02
1.681034663246766314e+00 5.467736953436381775e-01 3.721571309137224753e-02 4.620526538053323223e-02 1.697836129599722881e+02
2.962043895432305618e+00 3.201621778059749457e-01 4.235583798789459287e-02 4.407939336740378938e-02 -1.697975809415115407e+02
3.012584303803076846e+00 7.594343182050480867e-02 4.033990571843438372e-02 4.490080486771771268e-02 1.799203096468401100e+02
3.112711052265118017e+00 8.136509221331653108e-02 4.208966499429262625e-02 4.464234282662558201e-02 1.543561715592287840e+02
3.111425005063110039e+00 3.930647491934171067e-01 3.908640499417211089e-02 4.533245361135950641e-02 -1.659504645654576791e+02
3.011840527571827408e+00 3.941501626476762721e-01 3.663017533692542599e-02 4.785450386128473066e-02 1.681289418309399650e+02
3.062682734380583138e+00 4.704403781994813127e-01 4.058983962121056471e-02 4.446764487873337141e-02 -1.546157984705581043e+02
3.162813408815926319e+00 4.731387899640209782e-01 4.081560087477037468e-02 4.678480850168531546e-02 -1.760343799963656295e+02
3.215239587115206188e+00 5.526299941231244128e-01 4.133106376068253901e-02 4.713718419216969546e-02 -1.782296608468682564e+02
3.419464559054007591e+00 5.538993682434706356e-01 3.683308707663950771e-02 4.590913166475466684e-02 1.371032932620697693e+02
3.469268327798657570e+00 4.717140515169750414e-01 4.116879132577932338e-02 4.533470481883110359e-02 -1.786590458227775002e+02
3.370399626625268041e+00 4.784261048453246068e-01 4.021456596156095659e-02 4.410072759571287415e-02 -1.715951609320887599e+02
3.366018185288505382e+00 6.342757012736280897e-01 4.008562043782598616e-02 4.634138328492497932e-02 1.713099027161135552e+02
3.318882827643482969e+00 5.557612584977466019e-01 3.988667007049692681e-02 4.701332921087220118e-02 -1.657175846890366131e+02
4.282546703828528756e+00 3.175420093702228108e-01 3.815797935955139719e-02 4.866073920941588193e-02 1.697274695084265375e+02
4.334881105729899708e+00 2.353458586135362962e-01 4.275935583515266813e-02 4.664037577812879531e-02 1.506639192621010181e+02
3.876831318955719752e+00 3.123492283819497284e-01 4.179110025747837659e-02 4.532658912491351055e-02 -1.673611390451898444e+02
3.926784148310747735e+00 3.934581236402482918e-01 4.104387302312053482e-02 4.421516439133878901e-02 -1.603594768879945605e+02
4.283250574881496853e+00 4.731999041195100730e-01 4.022849697361263743e-02 4.430619349101880267e-02 1.732664448219017856e+02
4.232357748776888862e+00 5.499437342391754191e-01 3.796898211673603585e-02 4.603088014638323511e-02 1.782232360303808321e+02
3.517483089450987421e+00 5.509753768413824249e-01 4.265665227211025423e-02 4.568752651849813246e-02 -1.616043697019677836e+02
3.466576169487737502e+00 6.321654347377054783e-01 4.055046552979132968e-02 4.599968171286481639e-02 1.736756407576001493e+02
3.671968665804728804e+00 4.697767908169519502e-01 4.142636596703336976e-02 4.446695364424083780e-02 1.632910234792550170e+02
3.824908244450291761e+00 5.490987788564645200e-01 4.054989164265934004e-02 4.629453784021639318e-02 1.751261877802547815e+02
3.876197754739007184e+00 6.277620786581673551e-01 4.226064581212587989e-02 4.510384606783426897e-02 1.747476962809624865e+02
3.773035530071851440e+00 4.728647460744476727e-01 3.973081081786511426e-02 4.753301255850663626e-02 1.783481421204734829e+02
3.878831227645814561e+00 4.738422807107129930e-01 3.839316093510485722e-02 4.769239771009927548e-02 1.780941399067315558e+02
3.928957573589909824e+00 5.491198748500099036e-01 4.011268184322567404e-02 4.722295673870145760e-02 1.678389273039525165e+02
1.579368132348666576e+00 2.359033763124246119e-01 4.463217868550344025e-02 4.571911194223175073e-02 1.576670484003790591e+02
1.580516060953166324e+00 7.652725845527659498e-02 4.019444321336374665e-02 4.578607250851195881e-02 1.701457741137674589e+02
1.630604228247681364e+00 1.548728663426417740e-01 4.053188677759510250e-02 4.771282096984975213e-02 -1.795592064014777804e+02
1.686318922727536140e+00 7.781984181099645126e-02 4.008217334079979682e-02 4.798231857998783850e-02 1.676632430456786835e+02
1.123541224209735345e+00 3.165556308976754663e-01 4.147830494463149165e-02 4.655233703104834364e-02 1.766711292300359446e+02
1.069797970598532100e+00 3.970150287443481862e-01 4.184351952713439432e-02 4.801012909487794439e-02 1.666106890813726977e+02
1.273283213811421621e+00 2.411634764018940336e-01 3.721692857439005964e-02 4.715406008870232091e-02 1.758808997426878875e+02
1.226210139591356496e+00 3.135125468800466497e-01 4.060166735426390394e-02 4.573598642311756113e-02 -1.651901014392903733e+02
1.381386949497054317e+00 3.896749374289150691e-01 3.968396176114827312e-02 4.623802854081821012e-02 -1.732960106397807749e+02
1.428600065205595682e+00 4.664731953206976978e-01 3.991046790174101327e-02 4.472925114297206239e-02 1.443109071471014602e+02
1.328879596626926896e+00 3.126391051118719844e-01 3.615199381628327047e-02 4.504229543883081499e-02 -1.720492138017230559e+02
1.429003497600133121e+00 3.155496467001113192e-01 4.014182891383600432e-02 4.526693407047819445e-02 -1.646794411239510509e+02
1.530470022068236347e+00 3.166941893403008024e-01 3.889628148197438184e-02 4.587406232107207188e-02 -1.645125413092963527e+02
1.482477576577329925e+00 3.922501421247086562e-01 3.806183745665504131e-02 4.471076024963555051e-02 -1.768068288618296720e+02
1.528762997835066528e+00 4.686610825849227280e-01 3.860757666045243341e-02 4.693700364283203558e-02 1.789446135716340223e+02
1.684181446284469308e+00 3.930216435361808536e-01 4.198009946316354907e-02 4.465063888660503189e-02 1.471063526306909637e+02
1.735477583564536408e+00 4.716862233650993552e-01 3.931075246798747258e-02 4.784237622511715998e-02 -1.667877802466206276e+02
1.786053874915159767e+00 3.924500529184761777e-01 4.129469851332907143e-02 4.648178282900022190e-02 1.628473502977261091e+02
1.737153760658033619e+00 3.112864753615305902e-01 4.056600062883675140e-02 4.733132299336389320e-02 1.703745805501442874e+02
1.632056834527193523e+00 3.163906926475962833e-01 3.940262071770291030e-02 4.672716192313157435e-02 1.768487247234714346e+02
1.632893042129690109e+00 4.706368396093740247e-01 3.884716235016820451e-02 4.648174683822418191e-02 1.695858712005661175e+02
1.583807296004982268e+00 3.960737624207725793e-01 4.157201823970390481e-02 4.520151778257779779e-02 -1.686322331147495106e+02
2.022330714204539082e-01 1.549347755514349778e-01 3.981814653605889043e-02 4.648284736183699167e-02 1.673838486260767127e+02
9.988265411272261030e-02 1.537382882501163728e-01 4.211100284851929110e-02 4.563398143129895890e-02 -1.633017107347503725e+02
1.530521596350586044e+00 6.213356384243362562e-01 4.274183070512038024e-02 4.529740720427654493e-02 1.616924887301250919e+02
1.579257796460347807e+00 5.446350350626608661e-01 3.855317198993498534e-02 4.661146639917636975e-02 -1.660601202514391730e+02
1.476884056387468336e+00 5.439283020622670550e-01 3.964767763222065700e-02 4.497846817927442925e-02 -1.706265523625192770e+02
1.430962723543215853e+00 6.255689905884410651e-01 4.197464010019621300e-02 4.516358726199339729e-02 -1.713695131870282182e+02
1.630467940409280558e+00 6.225948853134379846e-01 4.204316357899668538e-02 4.387898691918414029e-02 -1.378976828318250796e+02
2.754795875470185340e+00 3.116854071457313413e-01 3.835677826583496625e-02 4.753733918478873777e-02 1.615532215168186099e+02
2.859241016897065890e+00 3.130575718955252440e-01 3.794075543482904045e-02 4.916179575439866972e-02 -1.770780071225921120e+02
2.703126691251307889e+00 3.915669919047859993e-01 4.114799102994389640e-02 4.474161941865784087e-02 -1.731359029867761592e+02
3.064467678584322119e+00 6.312000573763086875e-01 4.046372553635214225e-02 4.611542885924723584e-02 -1.462071749272388388e+02
3.162805653341855372e+00 6.313831324282509483e-01 3.832910712838038386e-02 4.439093286513382669e-02 1.705042495541777043e+02
3.112864666653792245e+00 5.522915570706515842e-01 4.192339577779754384e-02 4.418063833275396451e-02 -1.751415118695173305e+02
2.962154009412673261e+00 6.284003721140566379e-01 4.047706374952011327e-02 4.707369521265725859e-02 1.797255063648109967e+02
3.013042383267066526e+00 5.482985034539240576e-01 4.242846579622352315e-02 4.588312174676068000e-02 -1.715710808195603931e+02
4.282503514293368063e+00 1.537533450816664649e-01 4.291565993127577361e-02 4.624469069731568238e-02 4.759163582792801606e+01
4.230276816109190818e+00 7.557738544464065455e-02 3.815489675257634217e-02 4.517930327655797496e-02 1.760410753658214276e+02
4.233207669330496969e+00 2.393404386263590922e-01 4.317947830511298379e-02 4.560729774773183282e-02 1.527763381506463247e+02
4.179437216895603768e+00 3.169556492879868626e-01 3.857994848909654384e-02 4.698295432639536251e-02 -1.676826624420024530e+02
4.233010766183137541e+00 3.962778841059193535e-01 4.055321919112732376e-02 4.346552602135611565e-02 -1.453689395451431494e+02
3.674605566776818932e+00 6.285948069383144876e-01 3.907317153354961103e-02 4.563787392190412490e-02 -1.679704015704791686e+02
3.722129117890572658e+00 5.510504815484961183e-01 4.060656548621512096e-02 4.554783051234057023e-02 -1.546069985604046906e+02
3.775710399048072485e+00 6.295379895912566193e-01 4.128287397706527362e-02 4.544692457882234388e-02 1.725957898928569421e+02
3.621046379068163734e+00 5.498432207156330742e-01 4.111582847597413520e-02 4.723872221466427629e-02 -1.783452631200016754e+02
3.570933654067140584e+00 6.292681827338768574e-01 3.991585078955715155e-02 4.735158409296576915e-02 1.655884126103765936e+02
1.941129388782752985e+00 6.293529098530393773e-01 3.933421068165789125e-02 4.511142066207608076e-02 -1.758694573401016044e+02
1.888193740430984979e+00 5.509210089085937456e-01 4.194197365299030811e-02 4.624865425570757332e-02 -1.597751864013310126e+02
1.836273882506832544e+00 6.292458960182917282e-01 3.843431175364702551e-02 5.043809209452575909e-02 1.710102685893762668e+02
2.140158256186785568e+00 6.303962695139299077e-01 4.076963685536691417e-02 4.582816278597487414e-02 -1.780041188879388017e+02
2.040480608789592143e+00 6.298670902912627545e-01 4.031928219135760827e-02 4.162515026542708968e-02 -1.751269134588930285e+02
2.195046605808498086e+00 3.962672738211065471e-01 4.066925055095929609e-02 4.638893643127561112e-02 -1.730851969174992462e+02
2.192397715605529651e+00 5.500935990691733224e-01 4.189438030666841478e-02 4.472179109896776139e-02 1.660402265362601781e+02
2.245336147754645406e+00 4.733355194922663212e-01 4.055862143717907375e-02 4.613561029246146528e-02 1.723192602638859796e+02
2.038909719959649092e+00 4.743529442325065681e-01 4.230837190490122079e-02 4.739745960133424224e-02 -1.752913345058928201e+02
1.936955957412982210e+00 4.710362847497570615e-01 4.007860145979013494e-02 4.518194926778657666e-02 -1.711797579784992820e+02
1.988668046853934390e+00 3.930632140524308871e-01 4.389693447111562424e-02 4.440014246795927211e-02 5.832257214893471797e+01
1.989943571903180830e+00 5.514151007347559696e-01 4.105339896132695343e-02 4.661244572940454606e-02 -1.593596602360530028e+02
2.091442392489645474e+00 3.907770870194945956e-01 4.188185728182577949e-02 4.707483948801577389e-02 1.691853587403680308e+02
2.142103939964256742e+00 4.724753260325169624e-01 4.164572833670204810e-02 4.586043527337024805e-02 -1.736415476001373293e+02
2.091508927187726297e+00 5.531952772483756942e-01 3.852527572600291522e-02 4.585405523449106319e-02 1.669619818966319826e+02
1.430530061757913529e+00 1.617449988304729414e-01 4.129901126185799715e-02 4.548335357408227198e-02 1.475431165270840097e+02
1.478650058540070367e+00 2.389290780555130000e-01 3.953457591182392428e-02 4.805379401741456669e-02 1.620555766394186890e+02
1.528868536530719524e+00 1.558638536755234671e-01 4.042603956024014983e-02 4.351910229690010568e-02 -1.483995782102392980e+02
1.478773318963115591e+00 7.737010168225651185e-02 3.970138886181972387e-02 4.638417392829455310e-02 1.571385932353710473e+02
1.379365032542992919e+00 8.393361567735178885e-02 4.315819108499321238e-02 4.539480850116497934e-02 -1.730884077365640508e+02
1.376176310933619140e+00 2.398735344981986206e-01 3.920393201624124829e-02 4.528766183074846297e-02 -1.717265793529708731e+02
1.328906002082296478e+00 1.638098455684783850e-01 3.985952272182764072e-02 4.683692386568629601e-02 1.711230925042751778e+02
1.280780178687934479e+00 3.895962767299880336e-01 4.219431756658886812e-02 4.554603154451401098e-02 1.627442478671289621e+02
1.175884966994566794e+00 3.940513609041826903e-01 4.032541378407961119e-02 4.877210005298514978e-02 1.747226894346498511e+02
1.122179806306360161e+00 4.754132490911577857e-01 4.214963797667376638e-02 4.563293286746681471e-02 1.798867920395337876e+02
2.000829126510117462e-01 3.165609672619329462e-01 4.143366624492603179e-02 4.718270730573995847e-02 -1.762267323948783257e+02
1.506669908468218910e-01 2.335324813293437607e-01 4.094413813179360873e-02 4.486320492095255408e-02 1.761956642431091211e+02
2.526180213966724986e-01 2.372444851552798217e-01 4.279561174720523942e-02 4.589099096481567136e-02 -1.523617440021456275e+02
2.553009524960976884e-01 3.969786581465693520e-01 4.080539015596901242e-02 4.584092562124449793e-02 -1.405873560978224077e+02
1.522624825859759390e-01 3.974358515724136787e-01 4.111572053353147044e-02 4.851260692177397638e-02 -1.659475500828149279e+02
9.861637107422820125e-02 3.154614562189487770e-01 4.315458131688466176e-02 4.517081477512528698e-02 7.851049845205575650e+01
3.020835897698616046e-01 3.168993817991210826e-01 4.240426731827614398e-02 4.487375000603929104e-02 -1.791088578448038504e+02
2.857023964954264361e+00 4.720664083752497686e-01 3.967689196176921868e-02 4.905912206438309275e-02 -1.716894518998232400e+02
2.803315726880338143e+00 3.910801251966155578e-01 4.410097524932598406e-02 4.653528130810617724e-02 8.667706600211070622e+01
2.906333264820939011e+00 3.944912946603304493e-01 3.980659389995513942e-02 4.729784266097542683e-02 -1.751092382099373310e+02
2.911155715999079074e+00 5.504124032263996158e-01 4.246600549408936082e-02 4.685323366186382177e-02 1.599424053762836877e+02
2.804727628836310327e+00 5.486534790539899786e-01 3.980749492247444982e-02 4.748798332081945878e-02 -1.717978605409767283e+02
2.753198141366140828e+00 4.727720445019098494e-01 4.008748682347405140e-02 4.617103772891577307e-02 1.658804141034470376e+02
2.961495528657287934e+00 4.680912912045582797e-01 4.012102380585556155e-02 4.471335424894236354e-02 -1.742547205959988901e+02
4.183773304122310854e+00 1.552145915190229208e-01 4.195175483478606748e-02 4.491982783968143794e-02 -1.525102642321295718e+02
4.131236365359483464e+00 7.365919769699885711e-02 4.184970387273289488e-02 4.386241059154229877e-02 7.209669296845716246e+01
4.030566183282856763e+00 7.971409867931616988e-02 4.017372776520167221e-02 4.784180716261414446e-02 1.702065243749518686e+02
4.028068578676081479e+00 2.354147112432330990e-01 3.898716761948535503e-02 4.816577268212687835e-02 1.672196431068935851e+02
4.078234442170875163e+00 3.123264650457648339e-01 4.242200580762438972e-02 4.380498608755818007e-02 1.564618479167092175e+02
3.977224404900572718e+00 3.155572164749183561e-01 4.193779634102144660e-02 4.426181194211532138e-02 -1.767868801977732858e+02
3.925408397407899486e+00 2.359081441306364046e-01 3.867610046341531105e-02 4.720863457124597345e-02 -1.730647023739388715e+02
3.979532922235682335e+00 1.581619631484657007e-01 4.181588792401821214e-02 4.591928131753317266e-02 1.742192863901588282e+02
4.083736364714008360e+00 1.569086309268153123e-01 4.192762536395881062e-02 4.679900675334478649e-02 1.599258949413127766e+02
4.132365958543656070e+00 2.355737116125734554e-01 3.997985578769663179e-02 4.564008735284650481e-02 -1.791624647973509354e+02
4.081504831352927631e+00 4.729536087054478366e-01 4.130313060034620370e-02 4.526083789827153175e-02 1.628544010375449034e+02
4.131714994189116474e+00 3.938307184926606030e-01 4.127352638811501717e-02 4.754050352431173770e-02 -1.593628279602732505e+02
4.030148564111359022e+00 3.928802953885897620e-01 3.992826230543292804e-02 4.828220658826916367e-02 -1.773588723805080178e+02
4.029531900933850608e+00 5.506329483491869681e-01 3.970678832683999238e-02 4.479088711176439086e-02 -1.627132962145360295e+02
4.131153522451685767e+00 5.513186977442111614e-01 4.034552228941722107e-02 4.520001554294691970e-02 -1.798718432434290264e+02
4.182733323151070159e+00 4.733533637158458540e-01 3.996016017146489935e-02 4.563536070785499665e-02 1.769902885349107748e+02
3.980626278182805677e+00 4.708572031264981472e-01 4.076062883047891494e-02 4.440198869041356300e-02 -1.715517723843862257e+02
1.276604674503769354e+00 5.483467956834553458e-01 4.123206347397503219e-02 4.362920832956868750e-02 1.579252575082026624e+02
1.226815632462896266e+00 4.700622510489448902e-01 3.926108815751214176e-02 4.856937552097449068e-02 1.640302278270358158e+02
1.175917311817129773e+00 5.499594170232159351e-01 3.880325135868110259e-02 4.510362653107784225e-02 -1.797276774937288906e+02
1.328624333409424985e+00 4.701965463151860924e-01 4.316264636535725036e-02 4.560116962952833614e-02 -1.780762327225599506e+02
1.226554706755330848e+00 6.280387334108256114e-01 3.944712042674705654e-02 4.679799788309126074e-02 -1.695877659650798819e+02
1.328183380018867155e+00 6.240157116596967146e-01 4.059777169111471878e-02 4.658856094784302043e-02 -1.786575238641774774e+02
1.377763060106203641e+00 5.474263299663352234e-01 3.847860011715843048e-02 4.550062877407588802e-02 1.774998071758108438e+02
