-2.641786555890692 0.23461892521866617 -2.5865578681956785 0.2627901660851972 -2.583172439883774 0.3153468231514772 -2.631352377729377 0.3509612207332714 -2.699453845157759 0.3166264945032768 -2.697251398881727 0.27091698747554005
1.9043492353726579 0.26538081321483914 1.8452030155371382 0.2403056507190051 1.8440840646067351 0.19763025393007047 1.9051283376914467 0.15979284011374 1.9531015912575833 0.20068171173188662 1.9524669941635249 0.2334401561794865
-0.3352494531383094 0.1480484657978621 -0.28567740716448353 0.18994793960065676 -0.22221349128934065 0.16616028658494555 -0.23059771532235984 0.09823009294005759 -0.27704278310400554 0.07652000823878483 -0.3346885236229845 0.12271565033053475
-0.17681002993946385 0.23903159435191595 -0.1795031305464062 0.19168476416288452 -0.21958855809308092 0.17047764320605968 -0.28305247396822375 0.19426529622177088 -0.2875561932600201 0.23851622248899348 -0.22396700428312064 0.2857297175949112
-0.4439972423738034 -0.027702203425594915 -0.5110975534983583 0.012372497667504156 -0.5089521850869614 0.07409333468170913 -0.45506792476895097 0.0939341972579532 -0.4010298637986383 0.062275345836706755 -0.39490197595449616 0.02013862334607683
0.8967833759109369 -0.07857013669948748 0.8260823407981318 -0.10455650162838247 0.7838647146424083 -0.059366879253254554 0.7917672750586888 -0.02328444973171949 0.8367721065833228 0.008060566078532207 0.8807698117286163 -0.009484373621969605
0.9359656229717914 -0.10752569583185112 0.9390805799176154 -0.14528393781067656 0.8979988453924218 -0.18841528472674118 0.827999449069109 -0.16191792404155206 0.828691413589131 -0.10895538049179271 0.899392448701936 -0.08296901556289774
0.6661239063127935 -0.014367374574449466 0.725147580111555 0.021334998576067597 0.7863051274341586 -0.022974565278967036 0.778402567017878 -0.0590569948005021 0.7270014091538923 -0.08840106870305256 0.6776013197482003 -0.06655063574508327
0.341748473249657 -0.0617188401584354 0.38627437529125386 -0.09793331491754231 0.4737411704877504 -0.06731930994877866 0.4540681177025589 -0.016228340867684057 0.3815732845305242 0.0040698030461339615 0.3408083244569204 -0.03690179730564774
0.9363966484199759 -0.2743777865228414 1.0131731286160357 -0.2389121514016983 1.052025230381671 -0.2753598092123827 1.0441145423276796 -0.3403124737396013 1.009060449720041 -0.358147551191707 0.9435929666722629 -0.3167684410700249
0.9339702210643247 -0.2699695861290261 1.0107467012603844 -0.23450395100788304 1.0131584821232054 -0.1822768721611507 0.9422311076160947 -0.14928249553913414 0.9011493730909012 -0.1924138424551988 0.9059357983046065 -0.24644741858802918
0.5764928357185152 -0.008495920749274098 0.5525923299586593 -0.06366598895337097 0.49460876178859775 -0.0783871110141704 0.47942018443570417 -0.06660287697992373 0.45974713165051273 -0.015511907898829124 0.4968341759211327 0.04260396170620572
0.6149774759156753 0.011032398210676218 0.6606302904954837 -0.014590179518070293 0.6721077039308904 -0.0667734406887041 0.6138531658116052 -0.11314756223055736 0.557939434893894 -0.06422175886896367 0.58183994065375 -0.009051690664866795
0.11327446937235597 -0.02629588534732623 0.05780679894300934 0.007481649886876253 0.057331417638747884 0.07303969173059904 0.11000286198561866 0.1007351511009662 0.15853078730475556 0.06193034667564881 0.16512733693992948 0.014874619571173291
0.22640241534904873 -0.015983331903235032 0.2660884213687311 0.0007166185323737029 0.3348947185290025 -0.03701678746145712 0.3358348673217391 -0.06183383031424477 0.2813630143943142 -0.11746844935588929 0.2239975974056807 -0.05824483834662648
2.5801741444129807 0.14741371517682753 2.6453740726028174 0.1881964027572872 2.6885830871451755 0.1579531808054574 2.686789191363006 0.10384473352654319 2.6421818944929396 0.07397998337622441 2.5798312094043236 0.11681244507154792
2.4637586143912644 0.17340403055509157 2.4122590476224857 0.18723395374375892 2.402053846681944 0.2564833224907914 2.472343361714414 0.30127400266595294 2.518341191781527 0.24606363935462852 2.510641688553849 0.2048476279657303
2.7495527542198457 0.009469551559119712 2.7455504870561382 0.06534035238963304 2.689600510258683 0.09927020535839032 2.6449932133886165 0.06940545520807154 2.639050583810576 0.019309981301528133 2.6915443181686056 -0.02353846528120023
2.0254628407549906 0.28219399169145654 2.0199450045348373 0.3289161286181027 2.069057559708623 0.3752419641057482 2.1427034994290155 0.3358002393272405 2.1360239296407504 0.27715820556734355 2.0592440583542597 0.25672699482139716
2.019656102140455 0.2818693596337775 1.9553944526639344 0.2377722416071597 1.9072766938730674 0.26971289864251236 1.9142004358630218 0.34013998891323893 1.9449623082174505 0.35899569185269714 2.014138265920302 0.32859149656042375
2.5981600917805503 0.34388518145386576 2.582515429246283 0.2704703977440883 2.640846885960184 0.24174171856020701 2.6886314136747753 0.284713365980347 2.6867411708529163 0.32033476318493503 2.6336638116324314 0.364511984254958
2.5795766665007798 0.2660666511370253 2.5241621044727043 0.2454628163675859 2.5164626012450264 0.2042468049786877 2.57729892503186 0.15165544315696883 2.6424988532216966 0.19243813073742846 2.637908123214681 0.237337971953144
2.6915397379373256 0.2803670102238466 2.7551908444999405 0.24306471070080887 2.749171026991307 0.18851981544583774 2.691554954772108 0.16225229963616125 2.64834594022975 0.19249552158799105 2.6437552102227344 0.2373953628037066
2.5924862100198816 0.34420261358908966 2.5087435976155614 0.3719415741926652 2.474765495897889 0.32123889621313445 2.475429155390426 0.3053943584211973 2.521426985457539 0.2501839951098728 2.576841547485614 0.27078782987931227
0.22332685433292085 0.09861080632367228 0.1640179712879457 0.06204101837935369 0.17061452092311963 0.014985291274878167 0.2235020379807047 -0.011526025262305013 0.26318804400038714 0.005173925173303721 0.2758863216421559 0.07576116217361988
0.3334800202060557 0.10523109270963049 0.37107291923556834 0.07712903619650796 0.3781717598317782 0.008361271918334495 0.33740679975817445 -0.03261032843344722 0.26860050259790313 0.005123077560383611 0.28129878023967186 0.07571031456069977
0.21295507540296327 0.16202073694962998 0.15440856939784245 0.1828487328151585 0.11805019715695683 0.15676478105617397 0.11264998582675927 0.10527390588386884 0.16117791114589616 0.06646910145855144 0.2204867941908713 0.10303888940287004
1.0037992563414333 -0.052475768250141316 1.0644777471429234 -0.12089928854383547 1.123038878292351 -0.06820013714056153 1.1127415688847582 -0.01749799807933782 1.0662961211453348 0.00435632563266132 1.009361769715202 -0.024481205055179856
1.0008346152796095 -0.05649435088892649 0.9417558734256343 -0.10724536874539363 0.9448708303714582 -0.14500361072421908 1.0157982048785688 -0.17799798734623565 1.0591857840667707 -0.14976879920321823 1.0615131060810996 -0.12491787118262063
0.9979589937814128 -0.052209322485444194 0.9388802519274375 -0.10296034034191136 0.9023070776575821 -0.07840366007295797 0.8862935134752616 -0.009317896995440098 0.9499224903226611 0.019881399513496066 1.0035215071551815 -0.024214759290482737
0.728507185199093 -0.15108433534616972 0.729631424034123 -0.09282492767021389 0.7810325818981086 -0.06348085376766341 0.8232502080538322 -0.10867047614279132 0.8225582435338102 -0.16163301969255067 0.7912040526871841 -0.18318510396595544
2.2331822061438347 0.11130843223892638 2.2974828321981313 0.07262799022912389 2.342987005601097 0.1092531795351751 2.346324557258731 0.14908941178115961 2.298273591206907 0.1931732056736118 2.2313919895195435 0.15944058269793449
1.7949627124547611 0.32100019056020984 1.716237729143097 0.36120288515735205 1.6824158776820566 0.33448794648236785 1.684098700330654 0.2800033812053437 1.7326840366906742 0.24576301796503977 1.7960315659837673 0.2791332482338162
1.8007052728021462 0.3209482707164966 1.8399531209319515 0.3608831002707945 1.9086996825737965 0.34012564400614503 1.9017759405838421 0.26969855373541846 1.8426297207483224 0.24462339123958438 1.8017741263311522 0.27908132839010297
2.119430551386268 0.15446769808135477 2.0627614865816426 0.17889987161698173 2.0190753823930336 0.15174977989498034 2.0097548186801824 0.10107677564278704 2.0642489295609896 0.05739144576980082 2.122141652438286 0.11760554748783508
2.01366652332028 0.15206551096490434 1.9559683953715907 0.1965304402401832 1.9079951418054544 0.1556415686220366 1.9099612743817245 0.11014105821030751 1.9564124378235 0.0833077621344768 2.004345959607429 0.10139250671271104
2.060045116327097 0.18342022198737853 2.05606915417153 0.2521236251448144 2.0222879365722606 0.2775906220148737 1.9580262870957401 0.2334935039882559 1.9586608841897986 0.200735059540656 2.016359012138488 0.15627013026537714
2.1221860976159923 0.15895967474197523 2.169975881198749 0.19770223393062192 2.1705373443831064 0.23555284720197248 2.1383209419422906 0.2725264621809844 2.0615410706558 0.252095251435038 2.065517032811367 0.1833918482776022
2.1249579681114157 0.15494418273596913 2.172747751694172 0.1936867419246158 2.225650828237292 0.15963621998869723 2.227441044861583 0.11150406952968912 2.1822361659901763 0.08051603072604091 2.1276690691634332 0.11808203214244943
-2.4290915512367928 -0.27535208464021776 -2.361739696248809 -0.2227891347177573 -2.3634937838827956 -0.2020209820939039 -2.4242563250218336 -0.15434689637673765 -2.474701254738528 -0.19237304188374324 -2.4707467398856595 -0.2520023451683364
-2.415067561065336 -0.3149521012634182 -2.354350347775153 -0.3400485324380503 -2.3126224286513684 -0.3193404138386768 -2.3024744190110757 -0.27258880508432626 -2.3587847526299455 -0.22657037698133142 -2.4261366076179294 -0.27913332690379195
-0.5045600887353636 0.24348425187022069 -0.4603352218977023 0.27837942006830596 -0.39642613822697953 0.2432268688833493 -0.40139797163192215 0.19225476784903414 -0.4467486469085815 0.17232207582878703 -0.5042495297212297 0.20445536108127477
-0.39856972693601245 0.1877338872483761 -0.3409899436380688 0.14796508771460518 -0.3404290141227439 0.12263227224727781 -0.3981905428664 0.0669128898211872 -0.45222860383671265 0.09857174124243365 -0.44392040221267176 0.167801195228129
-0.5071492808437204 0.2001151636335497 -0.5692237588941585 0.15024546882037937 -0.5658688344234564 0.11729255480448114 -0.5118408599731233 0.07891156181912252 -0.45795659965511293 0.09875242439536658 -0.44964839803107204 0.16798187838106193
-0.5073022603554236 0.2476250174109517 -0.5518747272900896 0.2796034561538783 -0.5502110296770499 0.3302387360176433 -0.5106659145868604 0.36108241530227086 -0.4596468661017857 0.32994479997491344 -0.4630773935177623 0.282520185609037
-0.39378952709608134 0.2474214166439618 -0.3497345800116666 0.28295061517840464 -0.34862810595697313 0.3306297086701716 -0.39320535423164354 0.3638941863382229 -0.4542680833508276 0.32999858219479494 -0.4576986107668041 0.2825739678289185
-0.39590053212513066 0.19195321291383943 -0.33832074882718705 0.1521844133800685 -0.2887487028533611 0.19408388718286315 -0.2932524221451574 0.23833481345008578 -0.3468737516357732 0.2784545124825974 -0.390928698720188 0.2429253139481546
-0.05961120759691431 0.06214285572980084 -0.10462547906186687 0.10587074289154241 -0.10625760217980737 0.14728220889640467 -0.06238975954012036 0.18235648872754295 -0.0037916661995561554 0.17016016383626464 0.007637284171894909 0.09390819736994846
0.013157816485425036 0.09427749860953816 0.0545926824306881 0.07782528533546847 0.1072641267775589 0.10552074470583563 0.11266433810775645 0.15701161987814075 0.044017617301841505 0.20087219259742983 0.0017288661139739717 0.17052946507585431
-0.1103524225139107 0.10595022359073969 -0.17572534937624743 0.06694774365550432 -0.22502106758077772 0.09797705875557707 -0.21663684354775853 0.16590725240046503 -0.17655141600108384 0.18711437335728986 -0.1119845456318512 0.14736168959560197
-0.06274702938072046 0.057828420316913626 -0.06346716125592822 0.025112644866406655 -0.1227185089832941 -0.01761405882987658 -0.17550881628948234 0.01455126652952024 -0.17313422770800974 0.06255382754341982 -0.10776130084567301 0.1015563074786552
-0.05693435108596455 0.05767553895025225 -0.057654482961172315 0.02495976349974528 -0.007514350288584171 -0.026852831923660996 0.05222438793236919 0.0074306254726073905 0.05174900662810775 0.07298866731633019 0.01031414068284467 0.08944088059039988
-0.0644667792544258 0.2438360396053065 -0.059987158795740535 0.18704680186489975 -0.0013890654551763299 0.17485047697362144 0.040899685732691204 0.20519320449519693 0.0414245172463288 0.23290079594309882 0.002792459445530991 0.2807309150521952
-0.10951108857079991 0.2766758807355611 -0.17121785232796113 0.23877438600261247 -0.1739109529349035 0.19142755581358104 -0.10934408256567087 0.15167487205189312 -0.06547623992598385 0.1867491518830314 -0.06995586038466911 0.24353838962343816
-0.1044615595155558 0.32843155679791436 -0.10653946677278003 0.28104500557759177 -0.06698423858664923 0.24790751446546883 0.00027500011330755525 0.28480238991235757 0.0010974486837833572 0.309865884258261 -0.0662086448697097 0.3610828661422042
-0.16502698574633579 -0.27288674749823255 -0.1687768304758951 -0.3210608486975736 -0.11810443386509129 -0.355725188630482 -0.06580036857291452 -0.31393005093969123 -0.06674234710133542 -0.2977439809154468 -0.12066059847789182 -0.24413054859424305
-0.0609429003808542 -0.29785473794256306 0.002846837504564978 -0.23594890813068076 0.05446210752111191 -0.2718202334645281 0.047920040437273645 -0.3343793994952678 0.006536878988619343 -0.364724121529774 -0.0600009218524333 -0.3140408079668075
-0.16786166251435422 -0.2685291658540969 -0.23645487384928818 -0.2382910685980637 -0.23062707984092695 -0.18958114553787042 -0.16814324207885753 -0.15461709480318606 -0.11869064287233616 -0.19177612623606743 -0.12349527524591022 -0.23977296695010739
1.7952749011691755 0.10827432719613604 1.8502538694653983 0.08055964616610141 1.9044918770740917 0.11015478320279043 1.9025257444978216 0.15565529361451952 1.8414814714131098 0.19349270743085 1.7979941917744562 0.15258908837217244
1.7335830437442226 0.2008821584866416 1.7354736395066481 0.24151918557977642 1.7988211687997413 0.2748894158485528 1.8396767632169115 0.24043147869803425 1.8385578122865085 0.19775608190909963 1.7950705326478549 0.1568524628504221
1.7418927892554281 0.07094021550930256 1.738337789836025 0.013101750146516142 1.7731201005824098 -0.013433556253941457 1.8530782426153032 0.02078715701804064 1.8473719680885312 0.07614866052033518 1.7923929997923085 0.1038633415503698
0.4444373635799944 -0.23584514693375802 0.39006996579747494 -0.27137218369573063 0.34166451569320705 -0.23797560147537625 0.33927170521724836 -0.18909502170954806 0.39037792287521467 -0.15886768538586477 0.4518443777496723 -0.1895902164062236
0.4471185655872993 -0.24030901023593032 0.5065517802659301 -0.2892181685442474 0.5031717626022099 -0.32379523220587725 0.4384147280839548 -0.36627479884886616 0.39140208744521743 -0.3229761950343519 0.39275116780477975 -0.27583604699790293
0.33637266138819927 -0.1848513782367804 0.2798404109867021 -0.1445906834803886 0.28420634403646755 -0.12149909952276683 0.33867819696389245 -0.06586448048112233 0.38320409900548924 -0.10207895524022924 0.3874788790461655 -0.15462404191309712
0.4546306755256652 -0.1852031646893097 0.48743619827761003 -0.16025298613360614 0.49154481315992143 -0.083105776061566 0.47635623580702785 -0.07132154202731933 0.3888894406105313 -0.101935546996083 0.3931642206512076 -0.15448063366895087
0.16096227171641217 -0.32851860928490734 0.11944667871721891 -0.3597883541254786 0.053387102383449556 -0.3344825877367863 0.059929169467287824 -0.2719234217060466 0.0984890068884288 -0.25308905331299486 0.15465524658659402 -0.28334877134563086
0.27031053370389424 -0.2709499539399604 0.3358096815773579 -0.23775490467853896 0.3334168711013993 -0.18887432491271078 0.2768846206999021 -0.14861363015631895 0.21716187625037545 -0.18577947100498066 0.22150217367798802 -0.2242899552935183
0.665531321540539 -0.22625693473854447 0.6120656810834605 -0.2692151442626551 0.564222570729413 -0.25272891344566484 0.5527090389363905 -0.18819809999725948 0.6145759199901047 -0.1506418941419378 0.6643698894946555 -0.19551951013375843
0.5617801631253865 -0.2574338057335489 0.5123932420784466 -0.2894576528725702 0.5090132244147265 -0.32403471653419996 0.5695881963320923 -0.3735670652804357 0.617987409861292 -0.32873429429461326 0.6096232734794339 -0.27392003655053915
0.547201316951097 -0.18848924073871673 0.4901072499401715 -0.16492963393458826 0.4573017271882267 -0.18987981249029182 0.4498947130185489 -0.23613474301782625 0.5093279276971796 -0.2850439013261434 0.5587148487441195 -0.2530200541871221
0.6115976492599167 -0.1462811520297955 0.610642615165361 -0.11733522230974285 0.5547288842476499 -0.06840941894814914 0.4967453160775884 -0.08313054100894857 0.49263670119527697 -0.16027775108098868 0.5497307682062025 -0.18383735788511715
0.6672856305966433 -0.19124953359173869 0.7230670156874841 -0.1511617069719373 0.7241912545225141 -0.09290229929598146 0.674791165116822 -0.07105186633801217 0.6165366269975368 -0.11742598787986544 0.6174916610920925 -0.14637191759991808
0.15894099788173227 -0.1095257457131992 0.2184042204027261 -0.05803753202812032 0.2208090383460941 -0.01577602558472888 0.16792152128850904 0.010735290952454304 0.11606865372093553 -0.03043521396604521 0.115231362373967 -0.061914634288701094
0.16338391192834864 -0.15866359544978947 0.21141978601919598 -0.18596051213616765 0.21576008344680858 -0.2244709964247053 0.15731495869917728 -0.27873907449743607 0.10114871900101208 -0.24847935646480004 0.1170074701748404 -0.18167364075556974
0.16159423307205453 -0.11380612734606169 0.22105745559304835 -0.0623179136609828 0.27842287258168186 -0.12154152467024561 0.2740569395319164 -0.14463310862786738 0.21433419508238974 -0.18179894947652908 0.1662983209915424 -0.15450203279015087
2.28632856776179 -0.2645799396396894 2.260455725142202 -0.24435811187566436 2.250031792046337 -0.18590767431511115 2.292880780200985 -0.1516452688971148 2.364275388732756 -0.18734091896807492 2.358046931321146 -0.2357105109919994
2.4106429512002863 -0.3149982079375196 2.411710814044409 -0.2771685971745926 2.468631564165607 -0.24257272409555336 2.5214654675414323 -0.271753105642513 2.5151122783820554 -0.3261533154521183 2.4735878755681187 -0.35773080090002607
2.356405128461768 -0.3514063964883173 2.2951682603129715 -0.3178970099651597 2.288826825852039 -0.2687483677896984 2.3605451894113947 -0.23987893914200845 2.4059663074205186 -0.27699673927031265 2.4048984445763963 -0.3148263500332397
1.9422444883363792 -0.29324022330929644 1.9071353814717078 -0.2610776699951411 1.9133448480474415 -0.18518616093167584 1.9541885771519467 -0.16135944117291692 2.0144101110289405 -0.1948598297293015 2.0095070140622684 -0.24305112159112005
1.9412319607787103 -0.30993457035845284 1.9182766796743966 -0.3555276139890097 1.8370133195266583 -0.3454103516229645 1.8381687491738274 -0.2759561417324037 1.904111992987496 -0.2653350608788514 1.9392210998521673 -0.2974976141930068
2.630116402925615 -0.2775336565665823 2.6334394597625925 -0.3355844686171502 2.5952924551055965 -0.3689595349672888 2.5207876182091757 -0.3264467587767273 2.527140807368553 -0.27204654896712194 2.5754149867848506 -0.24501898226052732
2.6851435204781047 -0.24693295286721675 2.7351367885242346 -0.26361240984362605 2.742384541806653 -0.3296723434965288 2.6953633220544466 -0.3584182917715465 2.6388580386218745 -0.33546721584602524 2.635534981784897 -0.2774164037954573
2.683191060817227 -0.1929131089538526 2.738843672565287 -0.14955321945345768 2.7989476460768663 -0.2179606280547276 2.737152894246036 -0.25913662043365204 2.687159626199906 -0.24245716345724272
2.245381999810108 -0.006097459544217462 2.183211603034952 0.016166492310636528 2.185287778828892 0.07609108530152431 2.230492657700299 0.10707912410517252 2.2947932837545952 0.06839868209537003 2.287729045575094 0.025737901836983476
2.400078139016767 -0.16268610158466965 2.3697506176782706 -0.1874528330932879 2.3635221602666605 -0.23582242511721238 2.4089432782757845 -0.2729402252455166 2.465864028396983 -0.23834435216647742 2.460888435032533 -0.185726182506045
2.2567870577036895 0.33883099078386203 2.263920895896865 0.2783786239233462 2.2964868876171316 0.2502924318624134 2.3556857102851536 0.2778586396614855 2.3553317821033963 0.3443922252149253 2.2856324471465648 0.3678399346057574
2.360640888124789 0.3445187535470886 2.391436394455972 0.3628097170276312 2.4689425334933306 0.32131412103401874 2.4696061929858675 0.30546958324208157 2.399316677953397 0.26067890306692004 2.360994816306546 0.27798516799364886
2.298962469667425 0.24575197476633992 2.3012841949140714 0.19748858227667052 2.3493351609658952 0.15340478838421834 2.40668835492284 0.18676254889165078 2.396483153982298 0.25601191763868325 2.3581612923354465 0.27331818256541207
2.2607271060657452 0.2738518533570401 2.1763916079865324 0.23567078103802966 2.175830144802175 0.19782016776667907 2.228733221345295 0.16376964583076054 2.2956148230326585 0.19750226880643784 2.2932930977860115 0.24576566129610725
2.2512952442510854 0.3385521508689008 2.1805753217431536 0.3551347225931081 2.1485567517124973 0.33553436042828344 2.141877181924232 0.2768923266683864 2.174093584365048 0.2399187116893745 2.2584290824442608 0.278099784008385
0.3293672404393782 0.1407812815209745 0.3308509864784491 0.1098370343240001 0.2786697465120653 0.08031625617506938 0.22611027920283022 0.1031659003251218 0.21857856041492219 0.16214774787188174 0.2709699215087139 0.19540923801941618
1.5724068356833267 0.27868193925819135 1.5740865194439186 0.3264176130083707 1.6130448546662914 0.35606678641634404 1.676862122322951 0.3344609204104891 1.6785449449715484 0.2799763551334649 1.6250347021042932 0.24274392675181733
1.2261629099312001 -0.06984610790007079 1.1802687502537461 -0.1002851334027233 1.1286990436735633 -0.06793670821037866 1.1184017342659707 -0.017234569149154957 1.1751748630806764 0.018032475849561448 1.2302278860623195 -0.010316557001685107
1.122946589524654 0.11073058904362412 1.1722805628710422 0.06719484514237946 1.1723472827005195 0.022174224214557264 1.1155741538858137 -0.013092820784159138 1.0691287061463903 0.008761502927840004 1.0673482465202453 0.0536548634408047
1.1210205212681175 0.1585102486987249 1.1626203087675744 0.18924530039865492 1.2312199688635204 0.1544317095798217 1.2283871318109338 0.10624422293442119 1.1749826776291539 0.07174513083570641 1.1256487042827656 0.11528087473695108
1.2391811822572345 0.2739854271692026 1.2804146217206165 0.2446212637763276 1.2840272824230903 0.18490231265597085 1.2339759872425953 0.1585881594188425 1.1653763271466493 0.19340175023767572 1.171626117320849 0.23873255460875703
1.457210230836092 0.271025257301445 1.3968258414675285 0.24741081906208612 1.3524311360234798 0.28264863452381384 1.3531503281520476 0.3296147760733087 1.394449704302569 0.3625498399855217 1.459157718925359 0.33344977551148686
1.3469056215448176 0.28255757482852767 1.283544302588588 0.2489674343692988 1.2423108631252062 0.2783315977621738 1.2415285310426498 0.31671872524253 1.288249090292977 0.35967289044276907 1.3476248136733855 0.3295237163780225
1.3936980581630585 0.24309963391420875 1.3867699913797118 0.1974887315110344 1.332622832680856 0.16065540319813865 1.2895546944652538 0.18502835779635085 1.28594203376278 0.2447473089167076 1.3493033527190097 0.27833744937593646
1.4597599709069602 0.2665118357524493 1.5025167184385122 0.2339180668492226 1.5063303200641356 0.19740514371084145 1.4587636625082103 0.147069577642659 1.3924475147550501 0.1972864951099161 1.3993755815383966 0.24289739751309042
1.4626619804289667 0.27085172615600395 1.505418727960519 0.23825795725277726 1.5668022934471577 0.2785780044584085 1.5684819772077496 0.32631367820858787 1.4994604632894322 0.3585977545629152 1.4646094685182338 0.33327624436604586
0.8226428931094331 -0.3222540895285872 0.786210280858814 -0.3598223938269207 0.7232011592194749 -0.32885306221109634 0.7263387583351747 -0.26952055440085215 0.783124460346311 -0.2455814636433527 0.8264427419391012 -0.2805789684988627
0.7237734344898697 -0.26505301405846204 0.671253379962182 -0.22615647802440317 0.6700919479162984 -0.1954190534196171 0.7258733330071394 -0.1553312267998157 0.7885702004952305 -0.18743199541960143 0.7805591365010062 -0.2411139233009626
0.8294690296254121 -0.27645195172485837 0.9003018244104908 -0.2467513715326019 0.8955153991967854 -0.19271779539977152 0.8255160028734726 -0.1662204347145824 0.7941618120268464 -0.18777251898798716 0.786150748032622 -0.24145444686934833
0.7210206679139257 -0.2693101947791194 0.6685006133862379 -0.23041365874506048 0.6150349729291594 -0.2733718682691711 0.6233991093110174 -0.32818612601324515 0.6839510109198699 -0.35144282710577956 0.717883068798226 -0.32864270258936357
0.8281383262235876 -0.3222017150019028 0.895757692943293 -0.3556842489645257 0.9380017108503396 -0.3167388358681023 0.9308053925980525 -0.27434818132091887 0.9027709698383344 -0.2508260137799219 0.8319381750532557 -0.28052659397217833
1.8955730918243818 -0.010953486293379028 1.8586430541381105 0.02100687560993861 1.8529367796113385 0.07636837911223315 1.907174787220032 0.10596351614892216 1.9536259506618072 0.07913022007309145 1.946017609451197 0.02625829486757285
2.0232417469156356 -0.02253686160905228 1.9514845144550501 0.025882727612236672 1.9590928556656604 0.07875465281775527 2.0070263774495896 0.09683939739598951 2.061520488330397 0.05315406752300329 2.067633890552914 0.020611745138105573
2.136809390171149 -0.006188930936858475 2.1776542326506516 0.016050784092398834 2.179730408444591 0.07597537708328661 2.125163311617848 0.11354137849969513 2.067270588740552 0.05332727678166086 2.073383990963069 0.02078495439676314
2.0132606292221573 -0.058572977076858414 1.9588730385148907 -0.08883296593475634 1.9001566976549418 -0.051868131858859454 1.8982883451207277 -0.015260361166613015 1.948732862747543 0.021951419994338868 2.020490095208128 -0.02646816922695009
-2.5295990235171053 0.21864613332108368 -2.580827183506148 0.2624883473151788 -2.5774417551942435 0.3150450043814588 -2.535387793367703 0.3391562700339742 -2.468458946288903 0.31148275998502817 -2.460177621121235 0.2682238497284982
-1.8495067710856679 -0.27568834134168735 -1.7984791913198968 -0.2650237059734642 -1.754799227963618 -0.2866958342878731 -1.750360203162377 -0.32814953861106444 -1.7918297850534717 -0.379376980112991 -1.8613990180811315 -0.3264255297599344
-0.9570915028253935 -0.16659968019721838 -0.9002459153909099 -0.19542751905814038 -0.859485739401073 -0.16647654616757973 -0.8422409778308205 -0.11372074077668884 -0.897905340264395 -0.06417041912690022 -0.9603882384776008 -0.09771203187721562
-1.0151311229008062 -0.1950964557227777 -1.017975850133403 -0.23389124059126115 -0.959428187286509 -0.2989506061911746 -0.9017996157603997 -0.22285003684983598 -0.9030790889511406 -0.19973860890056974 -0.9599246763856243 -0.17091077003964775
-0.8484424936603348 0.19614309105671407 -0.7764603408627251 0.15089960259955365 -0.7839278011041608 0.1107195298093303 -0.8555985639523735 0.08072503644798074 -0.8970957606880986 0.1010566279729184 -0.8933689805350767 0.1412460695336462
-0.9085703879422474 0.25852534226403084 -0.9038831566161895 0.32266676450719506 -0.8445827719853279 0.3483646114046161 -0.8002228812508269 0.3199487023864123 -0.7946787137477493 0.28836685558545017 -0.8538517798167111 0.23062489547492643
-2.318818512193378 0.01013069757208368 -2.2599062132721555 -0.03729952016657203 -2.2577713676538513 -0.06186508094184088 -2.3072726971796698 -0.10750542437589505 -2.3821273309605737 -0.08046101435662423 -2.3539851015970856 -0.004364900313074335
-2.3159902839694033 0.014478933840070311 -2.3094638493899873 0.0682222454983695 -2.251161256581367 0.10104707551644629 -2.2041475048243937 0.0706065753255532 -2.2026529561663915 0.019019563294618316 -2.2570779850481806 -0.0329512838985854
-2.3848241667675087 -0.08469898103838636 -2.4169049139644594 -0.09768764838389699 -2.421585259760788 -0.15010553603934332 -2.36082271862175 -0.19777962175650957 -2.3093949275878116 -0.14790606611758506 -2.309969532986605 -0.11174339105765718
-2.3594589581923304 -0.003920556960411131 -2.4194948304848247 0.024010586868566414 -2.4780728440509163 -0.01978397362089927 -2.472434259249454 -0.05532808719616149 -2.419681934752769 -0.09300533834947164 -2.387601187555819 -0.08001667100396101
-1.6406036231259766 -0.2689442673738427 -1.6378053997044106 -0.3230146209089293 -1.6755812140055768 -0.3519680806149163 -1.7447673505778012 -0.32757150134196866 -1.749206375379042 -0.2861177970187773 -1.6872679237242487 -0.23437919053708303
-2.639449312985623 -0.1109372615616557 -2.5964503956753058 -0.07886659579971045 -2.536235904711524 -0.10250737088040418 -2.535077091953924 -0.16175166110427677 -2.5899836291328264 -0.1920339236627155 -2.6376257533973892 -0.1575828633373574
-2.5294722311008093 -0.16137423332565537 -2.477519666692432 -0.1878689073673337 -2.4270747369757375 -0.14984276186032813 -2.422394391179409 -0.09742487420488177 -2.475146715676094 -0.05974762305157162 -2.53063104385841 -0.10212994310178279
-2.5937384024983094 -0.07411300519378805 -2.593462926428453 -0.0029640032098491795 -2.5269399146498603 0.016780791915965605 -2.483678168153674 -0.019827346649008388 -2.4780395833522117 -0.0553714602242706 -2.5335239115345276 -0.09775378027448178
-2.6366881448439488 -0.2906377509548617 -2.5893085618364147 -0.24438387321037736 -2.5226045280505196 -0.2797252853626481 -2.5331620418420275 -0.3297548205228869 -2.59739352589808 -0.3540591890438666 -2.630829448304697 -0.3258258790885389
-2.517040282314005 -0.27992191392612037 -2.473398801647155 -0.25657815967599606 -2.431743612998288 -0.2799278991478774 -2.420674566445695 -0.3157466735075037 -2.4718217028832075 -0.38585613045599254 -2.5275977961055123 -0.32995144908635915
-2.586575704285539 -0.24020539504775668 -2.5870438062729435 -0.1963613381820703 -2.5321372690940405 -0.16607907562363158 -2.480184704685663 -0.19257374966530993 -2.4762301898327945 -0.25220305294990314 -2.5198716704996444 -0.27554680720002744
-2.6396069197739904 -0.28657883431558784 -2.698705661338569 -0.25577572825555656 -2.696666322729378 -0.19612654324258952 -2.640337563018423 -0.16202983938005902 -2.5926954387538608 -0.1964808997054171 -2.5922273367664563 -0.24032495657110348
-2.6876810361095522 0.15793757069535375 -2.7006206338193435 0.10753580209776509 -2.6470937625971755 0.060292400491117726 -2.5888695892406677 0.127667684491797 -2.65198165942198 0.17779392413090117
-2.6436091354269546 0.05711325542836 -2.641326285040324 0.029330972590189026 -2.5959959085149773 0.0021128655767577165 -2.5294728967363844 0.0218576607025725 -2.5239365911756715 0.07849961403292918 -2.5791717708685047 0.1252351181237797 -2.5853849620704463 0.12448853942903926
-2.6485091810155037 0.18114262019140698 -2.639080090248278 0.2296860566218461 -2.583851402553264 0.25785729748837705 -2.532623242564222 0.214015083494282 -2.5319534299098456 0.20705538554526381 -2.5791839196322495 0.13176295924704323 -2.5853971108341915 0.1310163805523028
-2.696158092199916 -0.011794103157169021 -2.64434672087861 0.024152963494452638 -2.599016344353263 -0.003065143518978679 -2.5992918204231197 -0.07421414550291755 -2.642290737733437 -0.1062848112648628 -2.6946893420059035 -0.07418040078149662
-0.7315414541782395 0.1822890050121166 -0.7278648478671822 0.24624917739889968 -0.6638818906344367 0.27918470310745924 -0.6276161087395024 0.2503193423276818 -0.6184396238276978 0.18560325240264558 -0.6843002737520617 0.16249720378609708
-0.622013845016072 0.2503793003260149 -0.5546963469622438 0.27528948143192983 -0.5101238800275778 0.24331104268900317 -0.509813321013444 0.20428215190005727 -0.5718877990638823 0.15441245708688695 -0.6128373601042676 0.18566321040097866
-0.6608125662336795 0.28351458651761174 -0.6594857427429595 0.31641767023005335 -0.6276853026360779 0.3613931172164341 -0.5555655886718773 0.3301946867075142 -0.5572292862849169 0.2795594068437492 -0.6245467843387451 0.2546492257378343
-0.7306791785195058 0.25056157517886846 -0.7887251652970735 0.2888262993021879 -0.794269332800151 0.32040814610315005 -0.7456245815784218 0.36393711155965014 -0.6653693977960403 0.3164001845998697 -0.6666962212867603 0.283497100887428
-0.7371991048557052 0.18219672355372368 -0.7737742436918271 0.15518526052961706 -0.8457563964894368 0.20042874898677748 -0.8507415513911775 0.22667965995330247 -0.7915684853222157 0.2844216200638262 -0.733522498544648 0.24615689594050677
-0.6176012997141891 0.07545037462745294 -0.5714700396058642 0.1169583479896184 -0.5748249640765664 0.14991126200551663 -0.6157745251169516 0.18116201531960835 -0.6816351750413155 0.15805596670305988 -0.6725263501546919 0.09165626742517749
-0.7346993790998955 0.0553224333910665 -0.7783300445876813 0.11040562983994652 -0.7708625843462454 0.15058570263016988 -0.7342874455101236 0.1775971656542765 -0.6870462650839458 0.15780536442825702 -0.6779374401973222 0.09140566515037463
-0.614800106911813 0.07121102014720262 -0.568668846803488 0.11271899350936809 -0.514640872353155 0.07433800052400946 -0.5167862407645518 0.012617163509804491 -0.5665775402991433 -0.01884744847877414 -0.6162156102922914 0.012433967228784586
-0.048165025526771404 -0.09766296922037498 -0.046148439364515466 -0.1628341806513121 -0.006877334308490153 -0.18403787434235183 0.046605886858060094 -0.15007596930603817 0.04883891469197853 -0.10214910302749163 -0.009185597144890357 -0.059265589045360584
0.04935746532760202 -0.15437069354568586 0.11158432761051554 -0.18161868591075458 0.09572557643668722 -0.24842440161998489 0.057165739015546245 -0.26725877001303666 0.00555046899899931 -0.2313874446791893 -0.004125755838948225 -0.18833259858199952
-0.04896685779255357 -0.1674807686797165 -0.11292288478698223 -0.19203486524458466 -0.1177275171605563 -0.2400317059586246 -0.0638092657839999 -0.29364513827982835 -1.952789858071513e-05 -0.23173930846794602 -0.009695752736528257 -0.18868446237075623
-0.05365759226647081 -0.09785911572067477 -0.12190017026376651 -0.06996577886246637 -0.16619416952029548 -0.11069822789407208 -0.1650496323051649 -0.15042539228359864 -0.11559703309864353 -0.18758442371648004 -0.05164100610421487 -0.16303032715161192
0.05214728077755436 -0.1501414269831874 0.11437414306046788 -0.17738941934825614 0.16075058481397614 -0.15437937404247587 0.15604649689448827 -0.11368346859838667 0.112336861386723 -0.06607235717388855 0.05438030861147279 -0.10221456070464084
-0.006434679801277279 -0.055245472645595456 -0.00482273249248967 -0.031013284936384243 0.054916005728463696 0.0032701724598841464 0.11038367615781033 -0.03050736277431833 0.10954638481084181 -0.06198678309697421 0.0515898320355916 -0.09812898662772651
-0.051156948280999044 -0.09340747993873369 -0.11939952627829475 -0.06551414308052528 -0.11995705299028442 -0.021692020327385014 -0.060705705262918526 0.021034683368898223 -0.010565572590330384 -0.030777912054508062 -0.012177519899117993 -0.055010099763719275
-0.29092613958386265 -0.09198326434853837 -0.2336138538845759 -0.06280842181236676 -0.22860410451748392 -0.018143304349992635 -0.2833662747815667 0.02289256156424975 -0.3324580098561903 -0.006288817794493411 -0.3212978398560321 -0.06836812912821129
-0.22592413200015155 -0.01413990959897115 -0.18103658692228833 0.014648929749088463 -0.17866199834081575 0.06265149076298804 -0.22795771654534602 0.0936808058630608 -0.2744027843269917 0.07197072116178801 -0.2806863022642343 0.02689595631527124
-0.33523188249422053 -0.0019187838978739907 -0.38913601090084726 0.020676897482415354 -0.3952638987449894 0.06281361997304527 -0.3375023700013333 0.11853300239913588 -0.27985662948235435 0.07233736030738594 -0.2861401474195969 0.027262595460869177
-0.22827723982839004 -0.0631465172590055 -0.16932611062178596 -0.10641245759271456 -0.125032111365257 -0.06568000856110884 -0.12558963807724666 -0.021857885807968578 -0.17837994538343488 0.010307439551428238 -0.22326749046129807 -0.018481399796631368
-0.2883928739197482 -0.09639481737466998 -0.2902177402723887 -0.14459482176161748 -0.23346875956079616 -0.18517713029641839 -0.17098492179872676 -0.150213079561734 -0.17212945901385734 -0.11048591517220743 -0.23108058822046143 -0.06721997483849837
-0.2277949671435892 0.3123825439132747 -0.22692451293595342 0.2898234506562384 -0.29051370191285286 0.2426099555503206 -0.3441350314034687 0.2827296545828323 -0.34302855734877524 0.33040874807459925 -0.2929816576856115 0.35299885260852487
-0.18009882013159798 0.3536363687111986 -0.11009809412387844 0.32839124015626103 -0.11217600138110267 0.2810046889359384 -0.1738827651382639 0.2431031942029898 -0.22103973948192066 0.2898013174459851 -0.22191019368955645 0.31236041070302134
-0.2902795974400645 -0.28574786305894606 -0.34108859230744903 -0.2503378033929149 -0.4009238265676212 -0.2815101283613758 -0.39647490555216564 -0.3388853976198159 -0.3215733705346163 -0.3558793213315504 -0.2882956768674325 -0.3180504599334201
-0.4022460886706435 -0.33895944058834665 -0.4423666635390309 -0.37080626026820235 -0.5115940815842404 -0.3095833233043002 -0.5098677460370771 -0.28418405800866264 -0.4584083539696014 -0.2541788764222922 -0.40669500968609906 -0.2815841713299065
-0.28787514018127675 -0.28124824731523457 -0.24232844319773106 -0.23835681456867414 -0.23650064918936983 -0.18964689150848088 -0.2932496299009624 -0.14906458297367997 -0.3514631006968171 -0.18630236043737322 -0.33868413504866124 -0.2458381876492034
-0.28477344881337957 -0.2853818239425796 -0.23922675182983388 -0.24249039119601917 -0.17063354049489993 -0.2727284884520524 -0.17438338522445923 -0.32090258965139346 -0.22609147946383717 -0.3472985656749493 -0.28278952824074755 -0.31768442081705367
-0.8340746239484189 -0.33571595625359996 -0.836962779540322 -0.2872075948027543 -0.7772117903278439 -0.2380714542151764 -0.7340568071340201 -0.27364752710607576 -0.7428729035336065 -0.3195036545678274 -0.7971058881456023 -0.3528337412537563
-0.779959033232346 -0.23403612198131918 -0.7827218828262579 -0.21212283527966852 -0.8564407079592388 -0.1707984888586846 -0.8972008839490756 -0.19974946174924524 -0.8959214107583346 -0.22286088969851148 -0.8397100224448243 -0.28317226256889716
-0.8394733329832054 -0.3358773182386815 -0.8766900190298419 -0.35310941839373156 -0.9568307109126789 -0.3197719358124861 -0.9562014484147282 -0.3031581532587888 -0.8985728768886189 -0.2270575839174502 -0.8423614885751085 -0.28736895678783586
-0.5727761858131412 -0.19575855873834425 -0.619873511319677 -0.16834786225868414 -0.6732184027329379 -0.19406457342514524 -0.6783263206984262 -0.2482846611821886 -0.6372819925705889 -0.27909270262922603 -0.5664389806657292 -0.23698759991512044
-0.6402430296860837 -0.2831830558354506 -0.6387594667336121 -0.32822401178137955 -0.6763376985081255 -0.35633843897157497 -0.7377141956588569 -0.31955697469029803 -0.7288980992592706 -0.2737008472285463 -0.6812873578139209 -0.2523750143884132
-0.6784331480357559 -0.19404364800389806 -0.7291823777803254 -0.16201425051443222 -0.7770696402343295 -0.21210020900852453 -0.7743067906404176 -0.23401349571017516 -0.7311518074465939 -0.2695895686010745 -0.6835410660012443 -0.2482637357609414
-0.5638034566644902 -0.24101457242819035 -0.5157050341217865 -0.28390469575695754 -0.5174313696689498 -0.3093039610525951 -0.5669032790103651 -0.36026912424883306 -0.6331629056168784 -0.32816063108822485 -0.6346464685693499 -0.2831196751422959
-0.3927227509083519 -0.16711770644792115 -0.3984775724878909 -0.09713829949620002 -0.44331277320205076 -0.06282372133018077 -0.5008399700104913 -0.11814682734796654 -0.5010322757414084 -0.1388446395726044 -0.4444123526023354 -0.18525081336296723
-0.39557920195406343 -0.09274073938667612 -0.32665389825947816 -0.06850909094942478 -0.33781406825963634 -0.006429779615706906 -0.39171819666626306 0.016165901764582435 -0.44081346308557023 -0.03167492500708931 -0.4404144026682233 -0.05842616122065686
-0.5038208936485294 -0.11412025353993677 -0.5643237474724759 -0.06576280580404717 -0.5635843679165822 -0.023435822204062994 -0.5137930683819907 0.008028789784515648 -0.44669275725743585 -0.032045911308583426 -0.4462936968400889 -0.058797147522150976
-0.38745397727941827 -0.1670391432419619 -0.35395013204069764 -0.18188100492395726 -0.295736661244843 -0.144643227460264 -0.2939117948922025 -0.09644322307331651 -0.324283495164372 -0.07282808785298944 -0.39320879885895726 -0.09705973629024077
-0.5069399995505411 -0.1390135113348393 -0.5697912621318741 -0.19131731424565523 -0.61688858763841 -0.16390661776599513 -0.6221064612644382 -0.10707522519502599 -0.5672505476435705 -0.06995825137431187 -0.506747693819624 -0.11831569911020144
-0.4475133458838009 -0.18962650988851903 -0.4610895118466155 -0.2496381219281451 -0.5125489039140911 -0.2796433035145155 -0.5606473264567948 -0.23675318018574834 -0.5669845316042069 -0.19552413900897214 -0.5041332690228739 -0.1432203360981562
-0.39032152237410683 -0.17171798382895195 -0.35681767713538626 -0.18655984551094731 -0.3440387114872305 -0.2460956727227775 -0.40387394574740265 -0.2772679976912384 -0.455587290030905 -0.2498627027836241 -0.44201112406809034 -0.18985109074399803
-1.0783744648580813 -0.28550470913786175 -1.1339534743640816 -0.2523910898527188 -1.1747358485414934 -0.26545090882935635 -1.1830848812682422 -0.3239794579387184 -1.1236908866151962 -0.3643265064933802 -1.0672739057578777 -0.33509180928691734
-1.072768968606385 -0.28564597851954276 -1.020735144881599 -0.23824339966663954 -0.9621874820347053 -0.303302765266553 -0.962816744532656 -0.31991654782025025 -1.008277161639901 -0.3613550373990873 -1.0616684095061817 -0.3352330786685983
1.376933895094118 -0.14007108723908876 1.3370138608740547 -0.17424997368383435 1.2866514911379734 -0.1595613277802802 1.2802220327599831 -0.09938255002071958 1.3432765743306323 -0.0620969323328024 1.38073504115903 -0.11100725161600554
1.843072688591151 -0.08933914146587293 1.8944248005333646 -0.05193224751767245 1.8925564479991508 -0.015324476825426016 1.8556264103128794 0.016635885077891634 1.7756682682799858 -0.01758482819409047 1.7906253981626121 -0.06920025540208802
1.7354191321047208 -0.11860820818879111 1.675093746937621 -0.06731410197511983 1.688942654668729 -0.015831183048936163 1.7353702408140126 0.008498828340765416 1.770152551560397 -0.018036478059692183 1.7851096814430234 -0.06965190526768973
1.8533364240882764 -0.15505304023077804 1.9106309303940703 -0.18014958180770269 1.9514746594985755 -0.15632286204894377 1.956167693791772 -0.09312741398961448 1.8974513529318229 -0.05616257991371759 1.8460992409896093 -0.09356947386191806
1.6149540771922748 0.06680780557151575 1.6905539283095175 0.10311124861089399 1.675209473059059 0.15823652559294127 1.6249044012619485 0.17972648631134353 1.5853478040318774 0.15408868907593964 1.579615041006506 0.10773021127673363
1.6806979050935886 0.1584421926617553 1.7309831571509129 0.19656591041434596 1.7924706460545452 0.15253621477812646 1.7897513554492648 0.10822145360209003 1.7392511449123842 0.07529832756102277 1.696042360344047 0.103316915679708
1.617556415273849 0.06255678707522239 1.6165950450909619 0.02564374582186849 1.6863824653947421 -0.011326834756572604 1.7328100515400258 0.013003176633128978 1.7363650509594288 0.07084164199591539 1.6931562663910917 0.0988602301146006
1.6274175496972585 0.18417264769928574 1.6278028900868435 0.23845136668526526 1.681313132954099 0.2756837950669129 1.729898469314119 0.24144343182660893 1.7280078735516933 0.2008064047334741 1.677722621494369 0.16268268698088348
1.5824003419128265 0.15839391758564741 1.512144449250501 0.19741547596939246 1.5083308476248776 0.2339283991077736 1.5697144131115164 0.27424844631340484 1.622342279532483 0.23831043380703085 1.6219569391428978 0.1840317148210513
1.5740205212137144 0.10803801720951375 1.513334059643889 0.08248423871603901 1.4607063590319114 0.12521838672196398 1.4619307340208347 0.14308248732428236 1.50949739157676 0.19341805339246482 1.5797532842390858 0.1543964950087198
1.61177311570477 0.06261822682008503 1.6108117455218829 0.02570518556673114 1.5660513094025155 -0.011343875288519857 1.5080514782632797 0.008444492612253933 1.5157476179491758 0.07798685403182815 1.5764340795190013 0.1035406325253029
1.6118512941747798 -0.15060451836347583 1.6102021141347962 -0.10157063240624858 1.5786412609820744 -0.07620660866079029 1.4983465714511692 -0.11402889450933515 1.500314842518708 -0.15300138874462796 1.5759310846215733 -0.18005098303089828
1.4958332786032749 -0.10993862187531317 1.4649901886932344 -0.07667582154753631 1.467890758376378 -0.013807117075182729 1.5054250005947394 0.003847977396417082 1.563424831733975 -0.015940390504356708 1.57612796813418 -0.07211633602676833
1.6131610259487945 -0.09715584087486692 1.6695959850879074 -0.06702031025637077 1.6834448928190153 -0.015537391330187101 1.6136574725152353 0.021433189248253992 1.5688970363958676 -0.015615871606997008 1.5816001727960727 -0.07179181712940863
1.492513076243795 -0.11418498451720682 1.4616699863337543 -0.08092218418942995 1.3863219982227166 -0.11140579081589924 1.3825208521578043 -0.14046962643898248 1.4577604827287765 -0.19405376194595764 1.4944813473113336 -0.15315747875249963
0.2652409551934067 -0.322809425669479 0.26735792144570414 -0.2753913187303128 0.21854956141979795 -0.22873132008387076 0.16010443667216664 -0.28299939815660147 0.1664114618019848 -0.32816923609587795 0.22310794949504675 -0.35112531609217734
0.3227146862825434 -0.3525637826274486 0.38555321562648226 -0.3227509182742404 0.3869022959860446 -0.27561077023779146 0.33849684588177675 -0.24221418801743708 0.27299769800831303 -0.27540923727885847 0.27088073175601557 -0.32282734421802467
2.1358947371244943 -0.3387451195394712 2.0762257259032912 -0.31685568088560234 2.0707563371348594 -0.2903298541552208 2.1270897457421487 -0.2168302676182019 2.1756854634729157 -0.28203081801702234 2.164495232533773 -0.3190802636351981
2.170142469379874 -0.31938497887618694 2.246491286662005 -0.3627783021026283 2.289468306208042 -0.3181527102158317 2.28312687174711 -0.2690040680403704 2.257254029127522 -0.24878224027634538 2.1813327003190164 -0.28233553325801114
2.070552518432075 -0.31727150536300436 2.029506547476626 -0.3519103204079343 1.946993115306813 -0.3096354835948218 1.9449822543802702 -0.2971985274293757 2.012244780106159 -0.24700942571119927 2.0650831296636434 -0.2907456786326228
2.629391733173558 -0.1576994616485745 2.678232907533582 -0.19313548363863142 2.682201472916261 -0.24267953814202153 2.6325929342230534 -0.2731629890702621 2.5778915180822892 -0.24064831476420714 2.5790649199202327 -0.19378406333328022
2.514247899649162 -0.14315011243168688 2.466329906862104 -0.18560360288593364 2.4713055002265536 -0.23822177254636606 2.524139403602379 -0.2674021540933257 2.5724135830186765 -0.24037458738673106 2.5735869848566204 -0.19351033595580414
2.6321399572058413 -0.1534491014204976 2.680981131565865 -0.18888512341055452 2.736633743313925 -0.14552523391015956 2.7363130608571518 -0.12029006096263789 2.6851904097768418 -0.07743394687811551 2.637904067003316 -0.10548315664578377
2.4652691592972995 0.11608901569751666 2.4610027620386408 0.16858029137463232 2.409503195269862 0.1824102145632997 2.3521500013129173 0.14905245405586723 2.348812449655284 0.10921622180988272 2.4119579008566454 0.06510967761964727
2.470943701649638 0.11639862368624543 2.4666773043909793 0.1688898993633611 2.513560378553564 0.20033349677399984 2.5743967023403975 0.14774213495228095 2.574053767331741 0.11714086484700134 2.530008696444972 0.07710581414540985
2.344368107244782 -0.014523508056965319 2.290692571703778 0.021408824679361387 2.2483455259387926 -0.010426536701839555 2.2523079685024228 -0.05747492139110538 2.300392823166762 -0.09638042523741586 2.3464125075895166 -0.07471686610121608
2.3946364403076563 -0.09945346086030521 2.3970522433426846 -0.158399049946708 2.366724722004188 -0.18316578145532625 2.295330113472417 -0.14747013138436615 2.3030879871136873 -0.10085052932365449 2.3491076715364416 -0.07918697018745471
2.41834331461982 0.022107736676637135 2.4091743363752545 0.0607835468826361 2.346028885173893 0.10489009107287156 2.300524711770927 0.06826490176682033 2.2934604735914257 0.02560412150843378 2.3471360091324294 -0.01032821122789293
0.12026208395932414 0.2828210831515202 0.04708686723374145 0.23289831626482355 0.046562035720103846 0.20519072481692166 0.1152087565260188 0.16133015209763257 0.1515671287669044 0.18741410385661714 0.15806878520263246 0.25460629235377263
0.11772000916815575 0.28665200179375594 0.04454479244257306 0.2367292349070593 0.005912734641775254 0.28455935401615573 0.006735183212251056 0.30962284836205917 0.04992144349364627 0.34196772461915376 0.10887251951011798 0.32443974591139235
0.29413538576134807 0.34513466624220124 0.2317356427387588 0.3237987395268549 0.2168048815399531 0.2772134383636312 0.2721115442209263 0.22835029870505452 0.32790015825278207 0.27363525903886055 0.31765007577199483 0.33545283607385523
0.3306300097618182 0.26942512375235655 0.388666312705502 0.2387190683642658 0.38788877031116115 0.20178226940552188 0.3321453498961594 0.14483721106542044 0.27374803096549505 0.19946516756386212 0.2748413957299624 0.2241401634185505
0.21368984659648874 0.273228731524204 0.1634669338498101 0.25444929022608853 0.15696527741408203 0.18725710172893303 0.21551178341920285 0.16642910586340454 0.2679031445129946 0.19969059601093894 0.26899650927746194 0.22436559186562732
0.22623042966916107 0.3244757441338138 0.16341264676814077 0.3909092729505667 0.11442256482233058 0.3251135365878586 0.12327005448036837 0.28732579247022216 0.1610767557236767 0.25911100167247464 0.21129966847035536 0.27789044297059007
0.32320671855997773 0.33571166564734645 0.37982143930124856 0.36902519210039925 0.44861313717873097 0.3076435385674467 0.45054362277853877 0.28518226861760027 0.39149310398444875 0.24318803322426102 0.33345680104076497 0.27389408861235176
1.3959327335883134 0.07252989018917542 1.344096316714121 0.09583258583261078 1.2928639607636525 0.056534862273278925 1.2861248925954076 0.01798823611223291 1.3449960898664872 -0.029203113100106072 1.4090617319404444 0.01551629425722511
1.3411437629078256 0.10023686745574595 1.3299634852270419 0.15605836707837412 1.2868953470114397 0.18043132167658632 1.2368440518309447 0.154117168439458 1.234011214778358 0.10592968179405748 1.2899114069573572 0.0609391438964141
1.280412097001763 0.018247344818388602 1.2329662616203494 -0.006084237000705511 1.1779132386387063 0.022264795850541044 1.1778465188092289 0.06728541677836324 1.2312509729910088 0.10178450887707802 1.2871511651700078 0.056793970979434616
1.3419783212952838 -0.03321934022800638 1.3408274960103677 -0.0579834271420598 1.2777729544397185 -0.09526904482997697 1.2315963125116716 -0.0698891237331472 1.235661288642791 -0.010359572834761507 1.2831071240242045 0.013972008984332603
1.4118892328268935 0.011291299392415861 1.462379790090599 -0.013750203063348988 1.4594792204074556 -0.07661890753570258 1.3841312322964179 -0.10710251416217188 1.34667276546802 -0.058192194878968734 1.3478235907529363 -0.03342810796491531
1.3984982325144655 0.07724903151970332 1.454720469422582 0.12512553702908713 1.4559448444115053 0.14298963763140551 1.389628696658345 0.19320655509866264 1.3354815379594893 0.15637322678576684 1.3466618156402732 0.10055172716313869
1.4015949722049084 0.07301700203433066 1.4578172091130248 0.1208935075437145 1.5104449097250026 0.07815935953778952 1.5027487700391065 0.008616998118215306 1.465214527820745 -0.009038096353384505 1.4147239705570394 0.016003406102380345
0.9553214917857767 0.09252607508706347 0.9529139700051186 0.02418051337378196 1.006512986837639 -0.019915645430196853 1.0634473382677718 0.008921885257644327 1.0616668786416268 0.05381524577060903 0.9979987306765103 0.10914100950266356
0.9171783483062163 0.1124210408127139 0.8370491667668017 0.06571353661094814 0.8397629247522498 0.012816496701150495 0.8837606298975434 -0.004728442999351323 0.9473896067449429 0.02447085350958485 0.949797128525601 0.09281641522286635
2.0723236688123494 -0.11037777980446907 2.138473504634868 -0.07546872214821834 2.1802645739266837 -0.11269901242016335 2.184508699553445 -0.1541425448479263 2.1259405646796634 -0.19537930524927105 2.0721180176497667 -0.16711405247509648
2.0696795430013486 -0.1057215539213732 2.0192317314177264 -0.05888450312439127 2.0264611974036972 -0.02677969527448295 2.070853341040976 0.016368911472674906 2.134278740249056 -0.010604973860946706 2.135829378823867 -0.07081249626512248
2.183278944778416 -0.1079524182088529 2.2469149187300776 -0.057587227047594634 2.2429524761664474 -0.010538842358328807 2.180782079391291 0.011725109496525186 2.1399372369117886 -0.010514605532732119 2.1414878754866002 -0.0707221279369079
2.1288630894332004 -0.19923968342237558 2.1302079520568964 -0.21278489090042665 2.178803669787664 -0.2779854412992471 2.254724998596169 -0.2444321483175813 2.2443010655003035 -0.18598171075702813 2.187431224306982 -0.15800292302103086
2.185989453438022 -0.11221842949417138 2.2496254273896836 -0.06185323833291312 2.297710282054023 -0.1007587421792236 2.289952408412753 -0.14737834423993526 2.247103420258105 -0.18164074965793162 2.1902335790647833 -0.15366196192193435
2.0691688723367485 -0.17121795557680616 2.0200676207922394 -0.1946004575828086 2.0151645238255678 -0.24279174944462717 2.068002873383052 -0.2865280023660507 2.1243362819903413 -0.2130284158290318 2.1229914193666453 -0.1994832083509807
2.0665867282797974 -0.11008957438879456 2.016138916696175 -0.06325252359181263 1.9617513259889086 -0.09351251244971057 1.957058291695712 -0.15670796050903985 2.0172798255727056 -0.19020834906542444 2.0663810771172146 -0.16682584705942197
-2.3551340314937286 0.28278422333223074 -2.3496972808077143 0.3382107999247449 -2.421371285421102 0.35990033900525015 -2.46267635311307 0.31227294683945583 -2.454395027945402 0.2690140365829259 -2.414707163114332 0.24768244161193156
-2.077200245245346 -0.2776746854850774 -2.0213584205171684 -0.2566381060262164 -1.9828553082912206 -0.2783235630104127 -1.9720288406342146 -0.32222021304029264 -2.0280139675916997 -0.3721335210108904 -2.087897531654536 -0.32656412609996144
-1.9662963519029613 -0.32172918050647303 -1.9164773971137048 -0.3524197018025239 -1.8670246969937785 -0.32570278293099675 -1.8551324499983146 -0.2749655945127497 -1.8994019506150654 -0.22198052038516117 -1.9771228195599673 -0.2778325304765931
-2.1933467772204387 -0.27436073275438116 -2.1850290606437746 -0.336818862471128 -2.1379001077966993 -0.3549783411615182 -2.0933007183238264 -0.32640161737577594 -2.082603431914637 -0.2775121767608919 -2.1255566183496915 -0.24398143724689608
-2.240946485513449 -0.24454540191656127 -2.296727284517855 -0.2731949065260533 -2.3068752941581474 -0.3199465152804039 -2.2458210211220306 -0.3763107678725477 -2.1905460878380683 -0.33691313381901344 -2.1988638044147324 -0.2744550041022666
-2.240342877977432 -0.20023725444886972 -2.3060546095984136 -0.15203678240164742 -2.3574824006323514 -0.20191033804057193 -2.355728312998365 -0.22267849066442533 -2.2994179793794953 -0.26869691876742013 -2.2436371803750896 -0.24004741415792807
-1.33636819513022 -0.17035370621854384 -1.337863531401121 -0.2317149226324594 -1.2933401495430306 -0.2571874790005384 -1.225384893887976 -0.2252374206886342 -1.2277661573801528 -0.1813185940801393 -1.304592503406896 -0.14943601664412454
-1.2906431911891467 -0.26165442397261435 -1.289240947857411 -0.318682224472221 -1.2306115077783117 -0.35306787080035607 -1.1884229393255619 -0.32335060005850674 -1.180073906598813 -0.2648220509491447 -1.222687935534092 -0.22970436566071015
-1.1733460662577921 0.3578371441804786 -1.119768991397608 0.32711867309696396 -1.1235261886148615 0.2612296803163078 -1.1814108178976295 0.23886678188417362 -1.2247377811691649 0.27334967831972173 -1.2277704489502133 0.31919825218219383
-1.3438643761644022 0.278678561597429 -1.339687940484204 0.32270295943134125 -1.2893747991042426 0.34266047798979576 -1.233470041943405 0.3190634832795458 -1.2304373741623569 0.2732149094170737 -1.297676921611678 0.22510754994689153
-1.23549646882563 0.08925133253570364 -1.2858949170143859 0.06690557762525126 -1.2771467719765004 0.004712105486290197 -1.2358978006219574 -0.02274818642242414 -1.1729714585390225 0.02993221804482388 -1.1722709067310573 0.055262586311141754
-1.2244094460097998 0.16317603898216632 -1.2946443118074331 0.19804841495548856 -1.2950666323943079 0.22096124063586678 -1.2278270849449868 0.26906860010604894 -1.1845001216734514 0.23458570367050088 -1.1948291505559097 0.17803082598903797
-1.008731489840525 0.25802694112043967 -1.0156637133636321 0.3138173450214082 -1.0742557145681726 0.34443325479980136 -1.114416946924933 0.3267026785239609 -1.1181741441421864 0.2608136857433047 -1.077072948726816 0.2238869560105577
-0.9644458305385389 0.23528666208667776 -0.914012405666797 0.258319200757011 -0.9093251743407391 0.3224606230001752 -0.9574779235424568 0.355581429968527 -1.0102513538697884 0.31395133943441467 -1.0033191303466813 0.25816093553344616
-0.96114126047751 0.2027923805584244 -0.8965708273235915 0.14524034731370045 -0.8516443404488495 0.20013736883676828 -0.8566294953505902 0.22638827980329326 -0.9113481034761265 0.25428872659239765 -0.9617815283478683 0.2312561879220644
-1.076012465522137 0.1911370185402661 -1.074525108904418 0.21976042218595143 -1.0061836500181272 0.2539004072958334 -0.9673103502099849 0.231026133849065 -0.9666700823396266 0.20256232648542502 -1.0118725218842237 0.13411049391018082
-1.1314368202439549 0.14528374789692924 -1.1895128095824006 0.1777038555230735 -1.1791837806999423 0.23425873320453638 -1.1212991514171742 0.2566216316366705 -1.0801979560018038 0.2196949019039235 -1.0816853126195227 0.1910714982582382
-1.1295085482555542 0.09382455193172737 -1.1697713362727522 0.059400208404732424 -1.2329968983673252 0.09338895462929431 -1.2215632220208505 0.1586423678194376 -1.1919829265669604 0.17349715482630929 -1.1339069372285144 0.14107704720016503
-1.4022773044638568 -0.2668714780073762 -1.3408681228937083 -0.2360306899193918 -1.296344741035618 -0.2615032462874708 -1.294942497703882 -0.3185310467870775 -1.346736812788318 -0.3517013634247248 -1.4046969309744806 -0.298502389270288
-2.202233145144142 0.2512146272129645 -2.1325478563471987 0.27910180488516656 -2.134915947786786 0.3420485206455858 -2.202798714579506 0.3657277217016057 -2.23944385266608 0.339521194324548 -2.231944836352099 0.2758209052295447
-2.2373622466534746 0.27573208730585547 -2.3056182690451696 0.24335011654498193 -2.3496006352199412 0.28305848863106553 -2.344163884533927 0.3384850652235797 -2.312367290620892 0.36271848905036924 -2.244861262967455 0.3394323764008588
-2.2052426662310367 0.24663011425671852 -2.202593871091539 0.19724660240769704 -2.2522457198495043 0.15665805058006682 -2.3067798888613895 0.1926676382196901 -2.3032103798306887 0.23885442151242514 -2.2349543574389936 0.2712363922732987
-2.0315851843173682 0.2759876267649394 -2.02831755184128 0.31602354808709743 -2.0929664798946312 0.36822958828291275 -2.1294727908952815 0.3418281877603268 -2.127104699455695 0.2788814719999076 -2.0812588194910706 0.2460444048731536
-0.6718342900013045 -0.015550521950667445 -0.7353892087524163 0.017861769062850898 -0.7741832261828474 -0.01815926916906292 -0.7755459053533926 -0.08415840643846784 -0.738751203453689 -0.10799757214513868 -0.6730053139786913 -0.077870681694674
-0.7383782423446034 0.02236833004801843 -0.7375679625995585 0.051254022347656934 -0.7811986280873443 0.10633721879653696 -0.8528693909355569 0.0763427254351874 -0.840206695042679 0.012263047441439842 -0.7771722597750343 -0.013652708183895385
-0.7810538166705387 -0.08423404708954141 -0.8390101510940677 -0.10947777930385755 -0.8946745135276422 -0.05992745765406892 -0.8925033142199824 -0.030758212401582483 -0.842725572767638 0.00768084580519874 -0.7796911374999934 -0.018234909820136487
-0.6691861290614152 -0.011232656760655525 -0.6216592821048846 0.012165612595666876 -0.6202437787244062 0.0709426655140849 -0.675168829164909 0.08714855831180945 -0.7319307680674823 0.05106532655250132 -0.732741047812527 0.022179634252862807
-0.7416986270693313 -0.11268809847303457 -0.7320883373758316 -0.1580868582984624 -0.7799755998298357 -0.20817281679255467 -0.8536944249628166 -0.16684847037157075 -0.836449663392564 -0.11409266498067987 -0.778493328969035 -0.08884893276636373
-0.6704254142095386 -0.08226894728196721 -0.6276847664592347 -0.10727589130989529 -0.6224668928332063 -0.16410728388086443 -0.6758117842464672 -0.18982399504732553 -0.7265610139910367 -0.15779459755785968 -0.7361713036845364 -0.11239583773243189
-0.6664025416784094 -0.015478335282517623 -0.6188756947218789 0.007919934073804778 -0.5692376247287307 -0.02336148163375396 -0.5699770042846245 -0.06568846523373814 -0.6248329179054922 -0.10280543905445226 -0.6675735656557962 -0.07779849502652417
1.183981482146936 -0.15424146202619035 1.1830574119386625 -0.1047044938523692 1.2289515716161166 -0.07426546834971669 1.2751282135441637 -0.09964538944654647 1.2815576719221538 -0.1598241672061071 1.2408982382894065 -0.1852288728910283
1.1283821532925078 -0.1911423255517735 1.0651806434093571 -0.15007567734011867 1.067507965423686 -0.12522474931952107 1.1260690965731137 -0.07252559791624712 1.1776388031532965 -0.10487402310859176 1.1785628733615703 -0.15441099128241292
1.125554253098537 -0.19514333361391525 1.0623527432153863 -0.1540766854022604 1.0189651640271846 -0.18230587354527783 1.0165533831643636 -0.23453295239201014 1.055405484929999 -0.2709806102026945 1.1251624835015548 -0.24133487681951613
1.4502557469165769 -0.37263728625176945 1.3945173162478939 -0.3026959587596873 1.40231559782668 -0.2746920890520427 1.4547644367073522 -0.24775960922992576 1.4917245848581953 -0.27018198104167 1.5098370994973045 -0.33661420556745286
1.4520456857170723 -0.24328357979041473 1.455276290397295 -0.19799762670013474 1.3800366598263227 -0.14441349119315955 1.3401166256062598 -0.17859237763790514 1.3500925548370368 -0.23295446222707925 1.3995968468363997 -0.2702160596125317
1.494639254849747 -0.2658756514244473 1.5690697140862013 -0.23873363733204458 1.5732468180645491 -0.18432063761523532 1.497630575961684 -0.157271043328965 1.4609097113791267 -0.198167326522423 1.457679106698904 -0.24345327961270302
1.5154039635251095 -0.3365230958608513 1.5571554024634744 -0.3584697865936675 1.6143221026501862 -0.30278460063093504 1.6155436397433587 -0.282830753447172 1.5717219081224543 -0.2429488572426658 1.497291448886 -0.2700908713350685
1.7974538368582464 -0.25255908450948605 1.800645073323362 -0.1907675423576614 1.7344717716084908 -0.15264052098273376 1.6890694241177027 -0.19133657541041868 1.6910433256302368 -0.23595663519873125 1.7433593856019 -0.275838596477875
1.8031376387780564 -0.18644800640254175 1.8478363438383525 -0.15543945430136033 1.8405991607396854 -0.09395588793250034 1.7881518703111465 -0.07381700186871545 1.738461320972844 -0.12277330478981681 1.7369643370631853 -0.1483209850276141
1.6857288671608543 -0.18702668184014848 1.617517034295072 -0.15065825753671838 1.6158678542550884 -0.10162437157949114 1.6723028133942015 -0.071488840960995 1.7326281985613012 -0.12278294717466626 1.7311312146516427 -0.14833062741246356
1.6832379082634945 -0.19120599777656422 1.615026075397712 -0.1548375734731341 1.5791058658445054 -0.18428403814055658 1.5749287618661576 -0.23869703785736585 1.6187504934870618 -0.27857893406187206 1.6852118097760287 -0.2358260575648768
1.7402698464260447 -0.28002099880405573 1.7315992323573646 -0.3353418249846614 1.6837118475618558 -0.3597476975373833 1.620270933072242 -0.3028457612056703 1.6214924701654148 -0.2828919140219073 1.6879537864543817 -0.24013903752491195
1.8028657013190232 -0.252742920971481 1.8358974387608265 -0.27155195821241707 1.901840682574495 -0.2609308773588648 1.9080501491502289 -0.18503936829539952 1.850755642844435 -0.15994282671847487 1.806056937784139 -0.1909513788196563
1.7998560462207582 -0.2574085373512529 1.8328877836625617 -0.27621757459218904 1.8317323540153923 -0.3456717844827498 1.796979180882499 -0.3850384747028471 1.7370909808957316 -0.33600887550024755 1.7457615949644119 -0.28068804931964186
0.4964660800597845 0.0600207633224029 0.5647631127255218 0.10275760282548928 0.5614701181965267 0.14493199878371552 0.504961616309809 0.1756172451616369 0.4660154582383891 0.14828314806163065 0.4558169236190547 0.10583038906151725
0.46321370536340356 0.15298357510192717 0.39393346276766716 0.2019749643095385 0.394711005162008 0.23891176326828245 0.45376152395609803 0.28090599866162164 0.5055034034668192 0.24639841850867109 0.5021598634348234 0.18031767220193343
0.44996262594485836 0.10622464180762556 0.3742141426220381 0.08167742796515196 0.33662124359252554 0.1097794844782745 0.3351374975534546 0.14072373167524888 0.39088091796845637 0.19766879001535032 0.46016116056419276 0.14867740080773895
0.4991431090006181 0.056167454713063614 0.4994261872759327 0.04647982802274774 0.5790848470733151 -0.004620054432732085 0.6122223823352405 0.015464034442810928 0.6134201146976533 0.06264855713363829 0.5674401416663554 0.09890429421614999
0.49318920890292495 0.056202859769653606 0.49347228717823954 0.046515233079337734 0.4563852429076195 -0.011600636525697122 0.3838904097355848 0.008697507388120897 0.3767915691393749 0.07746527166629436 0.45254005246219514 0.10201248550876796
2.4653127103302963 -0.013611419465428133 2.526112944613122 0.014849022970535718 2.5689674655986243 -0.00816268396503382 2.5751867505234616 -0.0739612739446594 2.514492887500877 -0.11425458895279342 2.460645603970041 -0.05850938632235541
2.517300001847267 -0.11867819507137839 2.5169608063648927 -0.1391186165867709 2.576299891572351 -0.18947884011088817 2.6266267048256764 -0.15339423842618247 2.6323908146231516 -0.10542829365146864 2.5779938648698515 -0.0783848800632444
2.5746954621525933 -0.008293187482676961 2.636032134494828 0.015071916032091015 2.688525868852858 -0.027776530550637352 2.6825980396042564 -0.07308598128285854 2.6353116968307306 -0.10113519105052679 2.5809147470774305 -0.07409177746230254
2.4576038892646093 -0.06272191621623037 2.399967885475219 -0.09937536080852949 2.4023836885102474 -0.1583209498949323 2.463193984526013 -0.18136103081630767 2.511111977313071 -0.13890754036206088 2.511451172795445 -0.11846711884666836
2.5292239976579363 0.019384660174859042 2.5329620645883293 0.0726309416543329 2.5770071354750983 0.1126659923559244 2.6393578205637143 0.06983353066060088 2.6334151909856733 0.01973805675405748 2.572078518643439 -0.0036270467607104964
2.462904489414141 -0.00918586601590489 2.4242355156359374 0.022158519156500037 2.415066537391372 0.060834329362498996 2.468377795832026 0.11181366744036839 2.5274427906273593 0.0725208578995328 2.5237047236969667 0.01927457642005896
2.4596794695493385 -0.013484223533455186 2.4210104957711347 0.01786016163894974 2.349803190283744 -0.014575786265580318 2.3518475906284784 -0.07476914430983109 2.3973763593996926 -0.09503563498268158 2.4550123631890832 -0.05838219039038246
0.6727972392067171 0.2887440873820238 0.6131595326894477 0.24941687840639815 0.5715620029138119 0.27197710059442143 0.5746718968829241 0.3287637783000806 0.6237536179293584 0.37198967242393177 0.6774581416744792 0.33782460605044895
0.5686539039136241 0.2672124257098762 0.5110963000261808 0.24619394138333694 0.507752759994185 0.1801131950765993 0.5642612618809028 0.14942794869867787 0.6224148917700563 0.18935542262153252 0.6102514336892599 0.2446522035218529
0.5690494827725114 0.3284528382829869 0.5039919563447007 0.3678648632376382 0.45470961980542696 0.3076165263535855 0.4566401054052348 0.28515525640373907 0.508381984915956 0.25064767625078854 0.5659395888033992 0.2716661605773278
1.0031455025874343 0.2800080238833051 1.0505219378307953 0.24367324612927072 1.0559970598090236 0.18211433039025662 1.0253742924029239 0.16673524810394513 0.9628199336372656 0.21345730045994704 0.9615883133364194 0.2580851461073696
1.0281129915577483 0.1620737626868612 1.000917310192913 0.113441225848184 1.0645854581580296 0.058115462116129474 1.120183801162438 0.1151911877189489 1.11555561814779 0.15842056168072272 1.0587357589638478 0.17745284497317265
1.0557127035554732 0.24337768489768466 1.1219659781499958 0.2882491278578089 1.1658572623913006 0.23885234193723195 1.1596074722171008 0.19352153756615065 1.118007684717644 0.16278648586622063 1.0611878255337015 0.18181876915867057
0.9602926221535965 0.20943697987923487 0.9040494178283034 0.16086098917385333 0.9203552804443014 0.11707208185880327 0.9529740606636861 0.09746745626895573 0.9956512995544196 0.1140823906845558 1.0228469809192549 0.162714927523233
1.0001712142488013 0.2845135468508051 1.013173443579171 0.3453382628994232 0.9352519640991288 0.370461178240756 0.896545692621819 0.33401736637426804 0.8987760994211877 0.2878150277339703 0.9586140249977864 0.26259066907486955
1.1226934778079296 0.327434963778263 1.1250877343766614 0.29253526318879897 1.168979018617966 0.24313847726822208 1.2365340835543517 0.2783913498286676 1.2357517514717953 0.3167784773090238 1.1679036079363843 0.3646636556296029
1.043932814021413 0.36270222639036137 1.0186299677007216 0.3451382357582625 1.0056277383703516 0.2843135197096444 1.0530041736137126 0.24797874195561 1.1192574482082351 0.2928501849157343 1.1168631916395035 0.32774988550519824
-2.46268484685881 0.1533812263801773 -2.407487590774792 0.19733615231358703 -2.36215123853084 0.1634747723454197 -2.368883053151101 0.11309973521974756 -2.419322334407883 0.09120345623135372 -2.4600319847082206 0.11273868467196785
-2.404729209009019 0.2014360422811543 -2.4121369472363616 0.24362707524504643 -2.352563815615758 0.2787288569653456 -2.3085814494409864 0.239020484879262 -2.3121509584716873 0.192833701586527 -2.359392856765067 0.16757466231298696
-2.3636378833928458 0.11280074123415508 -2.3120525730688315 0.07284667582599186 -2.2537499802602112 0.10567150584406863 -2.2551300014673195 0.15242522999374394 -2.309664170479205 0.18843481763336725 -2.3569060687725845 0.16317577835982722
-2.46537282310303 0.1572011539836033 -2.526022759818918 0.20814129349546676 -2.5266925724732943 0.21510099144448494 -2.457271170077424 0.26467870785189945 -2.417583305246355 0.2433471128809052 -2.410175567019012 0.20115607991701304
-2.416925699892741 0.08684698128941468 -2.4166300045875624 0.028481429155165636 -2.356594132295068 0.000550285326188095 -2.321427542891361 0.01504588321134611 -2.314901108311945 0.0687891948696453 -2.3664864186359593 0.10874326027780853
-2.4629409413330032 0.10837495027829587 -2.5182390502290515 0.0779297011092977 -2.5237753557897644 0.021287747778941015 -2.4805136092935784 -0.015320390786032978 -2.421935595727487 0.0284741697034327 -2.4222312910326655 0.08683972183768174
-2.467577612911618 0.1532661593212906 -2.528227549627506 0.20420629883315405 -2.57545803934991 0.1289138725349335 -2.5202228596570766 0.082178368444083 -2.4649247507610283 0.11262361761308116
-2.194377040689411 -0.15890921387993168 -2.1262989692652203 -0.18728738801646336 -2.086670328684135 -0.15100597470045518 -2.0899226755548623 -0.11327510850626996 -2.136205700140792 -0.08054562405533133 -2.1951895998232795 -0.10383442725073438
-2.1968230403292184 -0.16316184507178605 -2.234672218893877 -0.2004003067901268 -2.2379665212915345 -0.24021046649918515 -2.195883840192818 -0.27012006868489047 -2.1280936813220706 -0.23974077317740544 -2.128744968905027 -0.19154001920831776
-2.0835931721601426 -0.1551983344700914 -2.0266271685007604 -0.1861964216746489 -2.023775513995039 -0.25217466181032205 -2.079617338723217 -0.2732112412691831 -2.1225705251582716 -0.23968050175518726 -2.123221812741228 -0.19147974778609958
-2.1980801913275974 -0.09951828219628123 -2.251901818252344 -0.06182804000261491 -2.254036663870648 -0.03726247922734606 -2.1996116349888593 0.014708367965857665 -2.132808694591267 -0.01679041741354352 -2.1390962916451093 -0.07622947900087818
-2.1999787098078847 -0.15882070069939652 -2.2378278883725438 -0.19605916241773727 -2.303539619993525 -0.14785869037051497 -2.3041142253923184 -0.1116960153105871 -2.2546128958664995 -0.06605567187653293 -2.2007912689417535 -0.10374591407019924
-1.0752108295655716 -0.1617045947967315 -1.0774866087333383 -0.09499901109766795 -1.1231680067976677 -0.06932631976647045 -1.1878154235945202 -0.09867500384262476 -1.1902851621264143 -0.13801673068858428 -1.1047799268106377 -0.17801615424863174
-1.1935074653058115 -0.09859132053259433 -1.228422635008416 -0.0682936585974753 -1.2962504058402398 -0.10319905203796152 -1.3022297995088434 -0.1453980806272297 -1.2254034534821006 -0.17728065806324447 -1.1959772038377057 -0.13793304737855386
-1.1072537036164942 -0.18217128115578368 -1.136407521971798 -0.24749616120071868 -1.1771898961492098 -0.26055598017735626 -1.2198039250844888 -0.22543829488892173 -1.2221851885766657 -0.18151946828042684 -1.1927589389322708 -0.14217185759573622
-1.1257839340565552 -0.06519249216453651 -1.127343182317941 -0.020085448857081144 -1.1704129494139068 0.026032266913245346 -1.2333392914968417 -0.026648137554002683 -1.2253465205560121 -0.06424351430557179 -1.190431350853408 -0.0945411762406908
-1.0697533370461487 -0.16198710812390926 -1.0180186921831358 -0.19053980318450084 -0.9628122456679536 -0.16635411750137086 -0.966108981320161 -0.09746646918136811 -1.0151244828661017 -0.06301039128604695 -1.0720291162139155 -0.09528152442484572
-1.07243302584813 -0.16642466485866186 -1.020698380985117 -0.1949773599192534 -1.0235431082177135 -0.23377214478773686 -1.0755769319424995 -0.2811747236406401 -1.1311559414484997 -0.24806110435549708 -1.1020021230931962 -0.18273622431056208
-1.3365651707968549 -0.034660094023700856 -1.2800166459751254 0.0005071543874848525 -1.2387676746205825 -0.026953137521229485 -1.230774903679753 -0.06454851427279859 -1.2986026745115768 -0.0994539077132848 -1.3393361339596737 -0.056169999132324774
-1.5250231628577688 -0.2613731938240031 -1.5181489773468677 -0.324814177475888 -1.4683609435195615 -0.34782923666135795 -1.4105218391658894 -0.2984281865972972 -1.4081022126552654 -0.2667972753343854 -1.4546982572835536 -0.22499382304450471
-1.5703939842098236 -0.23469876943144846 -1.6377023588142856 -0.26446532052497496 -1.6843666594125575 -0.22990024368821532 -1.6893804668036663 -0.19968437226181254 -1.633148617739245 -0.13997249768906123 -1.5720880821345324 -0.185800632335881
-1.5306839120416729 -0.26179260006886307 -1.5238097265307717 -0.32523358372074795 -1.574724549763536 -0.3568376243548056 -1.6322130114409135 -0.32286936411330525 -1.6350112348624795 -0.26879901057821864 -1.5677028602580176 -0.2390324594846921
-1.5607587796983582 0.3266227903551535 -1.5630186401074855 0.2757928219609511 -1.5093322663920734 0.2293769101258192 -1.464026789936274 0.2721861400094116 -1.4630579649254516 0.31866195023864463 -1.520688743421803 0.3544096273011067
-1.5658868208754697 0.2719321502553164 -1.6330331757907255 0.24350818087338516 -1.6290890907253959 0.20378421824321294 -1.5726538277201771 0.16201004150043402 -1.512201514367722 0.20701880602238945 -1.5122004471600576 0.2255162384201845
-1.4573935945782477 0.3189140939419169 -1.3926641708463698 0.3629871241039539 -1.3452433345620929 0.3230852889540219 -1.3494197702422912 0.2790608911201096 -1.3980754529989048 0.2508218025510681 -1.45836241958907 0.27243828371268386
-1.342247788096692 0.15194059994087156 -1.3001673526102389 0.19815111643573147 -1.3005896731971136 0.22106394211610972 -1.346777127749838 0.27463495376664715 -1.3954328105064513 0.24639586519760567 -1.3988268915622344 0.18400852451129399
-1.462665147484001 0.16495942269584465 -1.5065102734317262 0.20687168370695713 -1.5065092062240617 0.2253691161047522 -1.461203729768262 0.2681783459883446 -1.400916763178097 0.24656186482672887 -1.4043108442338799 0.18417452414041718
-1.3392895831875293 0.14766797520319924 -1.297209147701076 0.19387849169805915 -1.2269742819034426 0.1590061157247369 -1.2384079582499172 0.09375270253459361 -1.288806406438673 0.07140694762414124 -1.338369677142383 0.0977678006628524
-1.0643583787238609 0.07027724500412036 -1.0090635745945093 0.11163811372965954 -0.950964726660851 0.07575934361368204 -0.9588706688740263 0.027315628598283376 -1.0117075337963342 -0.011310927602974676 -1.056314083237912 0.023878460675669167
-1.0674763409319694 0.07397800304780738 -1.124056086273459 0.09400637313547085 -1.1284544752464192 0.1412588684039085 -1.078702967621987 0.18704661876521744 -1.0145630239840737 0.13002009413513213 -1.0121815368026181 0.11533887177334658
-0.9482762019036854 0.07966442192391221 -0.9027104444733057 0.1009347721714677 -0.8989836643202839 0.14112421373219552 -0.9635540974742024 0.1986762469769195 -1.0087565370187996 0.1302244144016753 -1.0063750498373438 0.11554319203988972
-0.945527121976892 0.07546147251604508 -0.8999613645465123 0.09673182276360057 -0.8584641678107874 0.07640023123866291 -0.8458014719179094 0.012320553244915343 -0.8955792133702537 -0.026118504961865872 -0.9534330641900673 0.027017757500646413
-1.0091098268217293 -0.0157404941103678 -1.0120887101464142 -0.058504980479102714 -0.9630732086004734 -0.09296105837442388 -0.9005903103872677 -0.059419445624108475 -0.8984191110796078 -0.030250200371622037 -0.9562729618994215 0.022886062090890252
-1.0592888574840904 0.019477996111817157 -1.121806471040726 -0.019967277035707515 -1.1202472227793403 -0.06507432034316288 -1.074565824715011 -0.09074701167436038 -1.0176611913671971 -0.058475878535561604 -1.0146823080425122 -0.015711392166826692
-1.0699045690125208 0.06990679604924788 -1.1264843143540104 0.08993516613691134 -1.1667471023712084 0.055510822609916396 -1.1674476541791736 0.030180454343598517 -1.124377887083208 -0.015937261426727974 -1.061860273526572 0.023508011720796695
-1.6690833934623057 0.33079501081731766 -1.7435393336858123 0.3621719602729112 -1.7905143561857666 0.32045939194035533 -1.7866410172606688 0.2785650131409378 -1.7467770298957421 0.24954574428942655 -1.6756735100374829 0.27269276212833493
-1.6732405679005047 0.2684913133266579 -1.6388265983528156 0.2434772341323278 -1.634882513287486 0.20375327150215558 -1.6883158646288983 0.15532830259839997 -1.7406659521619063 0.19366160934074664 -1.744344087758764 0.2453442954877495
-1.6634394879934875 0.33079756714086433 -1.6311965568841535 0.3603221308914182 -1.5662094196965928 0.32693517703368513 -1.56846928010572 0.27610520863948274 -1.6356156350209758 0.24768123925755153 -1.6700296045686647 0.2726953184518816
-1.7836127207255992 -0.17151305023678926 -1.7957412234524324 -0.2603814032145631 -1.7520612600961536 -0.28205353152897206 -1.6901228084413602 -0.23031492504727774 -1.695136615832469 -0.20009905362087496 -1.7611434240224209 -0.1599216353704065
-1.6772694944674522 0.09876502095213044 -1.6856590615531974 0.15120628852879398 -1.6322257102117854 0.19963125743254956 -1.5757904472065667 0.15785708068977064 -1.5804886465491181 0.12340041843174637 -1.6500258550181606 0.08455427200032697
-2.020878041726944 -0.060553261085890514 -2.0869627984059074 -0.10881146585080248 -2.133245822991837 -0.07608198139986386 -2.126958225937994 -0.01664291981252921 -2.0798322876858077 0.01459757886909853 -2.0256018795346202 -0.011728568473101247
-2.128636637337372 0.15889423899798588 -2.196944425747019 0.1973083481356816 -2.1995932208865168 0.24669185998470305 -2.1299079320895733 0.2745790376569051 -2.084062052124949 0.24174197053015112 -2.087949173775328 0.1914872513026145
-2.1360617378543294 0.10848680782206609 -2.2010248005697868 0.07517946873949688 -2.24803855232676 0.10561996893038997 -2.2494185735338688 0.1523736930800653 -2.1997667247759036 0.19296224490769553 -2.1314589363662564 0.15454813576999982
-2.0913508008774606 0.06601383228010471 -2.0828233467451596 0.0189822577294013 -2.129949284997346 -0.01225824095222644 -2.1967522253949383 0.01924054442717474 -2.1982467740529406 0.07082755645810962 -2.1332837113374827 0.10413489554067883
1.162458961526541 -0.2741344251511065 1.240049176693565 -0.2516510526042383 1.2649249809859278 -0.2750285038469469 1.271191094250046 -0.3167626763002978 1.229650366865378 -0.36342013248762994 1.1628315131933817 -0.33441863935611005
1.2432777530420334 -0.247214985909586 1.243606243838353 -0.1894386859961624 1.2842656774711003 -0.1640339803112412 1.3346280472071816 -0.17872262621479534 1.344603976437959 -0.23308471080396945 1.268153557334396 -0.27059243715229453
1.2769602016253587 -0.3161701290235589 1.3431008637514192 -0.3403919157996977 1.3888505178853803 -0.30219369731497997 1.396648799464166 -0.27418982760733535 1.3471445074648034 -0.23692823022188292 1.2706940883612405 -0.27443595657020803
1.1603660600923507 -0.26985864478200194 1.1307955202471793 -0.2415344389318337 1.1311872898441617 -0.19534289572623284 1.181368009913224 -0.15861156145687225 1.2382847660556944 -0.1895989723217102 1.2379562752593747 -0.24737527223513378
1.1568696625326662 -0.2743265974187866 1.1272991226874949 -0.24600239156861836 1.0575421241159393 -0.27564812495179675 1.0496314360619479 -0.34060078947901534 1.1118056546522923 -0.3672873868259356 1.157242214199507 -0.33461081162379014
0.666441551116407 0.16199889295225592 0.6251535944165015 0.18509461724567436 0.5669999645273479 0.14516714332281971 0.570292959056343 0.10299274736459349 0.616272932087641 0.06673701028208179 0.6679138676433926 0.10366808074147209
0.7215861923245837 0.06892152283017854 0.7222582361502505 0.025430394338343425 0.663234562351489 -0.010271978812173642 0.6175817477716807 0.015350598916572873 0.6187794801340936 0.06253512160740024 0.6704204156898451 0.09946619206679055
0.7866799338882388 0.10855654281373112 0.8313956133896357 0.06536659204697004 0.8341093713750838 0.012469552137172393 0.7891045398504498 -0.018875463673079317 0.7279469925278463 0.025434100181955323 0.7272749487021793 0.06892522867379043
0.7291843927124039 0.1915308571496418 0.7872259336193675 0.1640882361109529 0.8388273710318523 0.2019045006019368 0.841883380799413 0.2396848873722035 0.7857492580016597 0.2829058466377301 0.7265002803687097 0.24830117771323928
0.7236093586496917 0.2526414560333009 0.6780393856980047 0.2887485272223221 0.6827002881657667 0.33782904589074725 0.7170133101319158 0.35518132658284873 0.7782393313232324 0.32760242330609046 0.7828583362826418 0.2872461249577917
0.8445499764523596 0.24401475150330085 0.893166346553847 0.2875088873184977 0.8909359397544783 0.3337112259587955 0.828497129776517 0.36793661665083804 0.7837968486951971 0.3275920091171262 0.7884158536546064 0.2872357107688274
0.7902253248754886 0.15983375158680596 0.7897864852843596 0.11318988290129386 0.8345021647857565 0.06999993213453279 0.914631346325171 0.11670743633629854 0.898325483709173 0.16049634365134863 0.8418267622879734 0.19765001607778981
0.8476647224828135 0.23996896822448865 0.8962810925843008 0.28346310403968555 0.9561190181608994 0.25823874538058483 0.9573506384617456 0.2136108997331623 0.9011074341364526 0.16503490902778073 0.8446087127152528 0.20218858145422194
0.726308684471673 0.18712302614649126 0.6718683074397243 0.16228070372974546 0.6733406239667098 0.10394989151896161 0.7245064006014482 0.07340522228234961 0.7839113857875076 0.11303653642229029 0.7843502253786367 0.15968040510780238
0.7235417351643818 0.19150786251688112 0.6691013581324331 0.1666655401001353 0.6278134014325276 0.18976126439355373 0.6156499433517312 0.24505804529387415 0.6752876498690006 0.2843852542694998 0.7208576228206877 0.2482781830804786
-1.5255932454010541 -0.15396115821038703 -1.4553232505274876 -0.17910491172622128 -1.4207878389381925 -0.12809195178402472 -1.4232942344987871 -0.11038112542702375 -1.45058860374327 -0.07939530216756385 -1.5266125425830053 -0.09539321215283819
-1.528091444212865 -0.1580737586811956 -1.5663789438344906 -0.18567828135282846 -1.5646848459097817 -0.23457641844839588 -1.5276658976934372 -0.2573365590325668 -1.457340992119222 -0.22095718825306843 -1.4578214493392985 -0.18321751219702984
-1.4175350381812404 -0.13186927737570003 -1.3420894300811212 -0.17022336116191597 -1.3435847663520222 -0.23158457757583154 -1.4049939479221707 -0.2624253656638159 -1.451589992550459 -0.2206219133739352 -1.4520704497705357 -0.18288223731789657
-1.4176512422008785 -0.1100959896686132 -1.3426776125963333 -0.05976027306718261 -1.3019441531482365 -0.10304418164814264 -1.3079235468168404 -0.14524321023741082 -1.3396992385401645 -0.16616089981183013 -1.4151448466402836 -0.12780681602561417
-1.5310731493198473 -0.15402992076661362 -1.5693606489414729 -0.18163444343824647 -1.6304211845461853 -0.1358063087914267 -1.6298424664502904 -0.11545494561853434 -1.5669982901873676 -0.07219157489136321 -1.5320924465017984 -0.09546197470906477
-1.3905547644037486 0.06537346150563098 -1.46344575369917 0.10555877249007461 -1.5146624846438486 0.06689763887790352 -1.5187060825759442 0.025841288307949073 -1.452372640040618 -0.012484298680214757 -1.4015035649829632 0.022112445414352172
-1.3876972711800664 0.06946983029976259 -1.3439470858830616 0.0977793300775516 -1.3448669919282077 0.14767950461789844 -1.40144609539375 0.17974742918832087 -1.459800398643871 0.16053232774374834 -1.460588260475488 0.10965514128420621
-1.517685578673301 0.0715131084479224 -1.5746766245397372 0.12349826275076839 -1.5699784251971858 0.15795492500879268 -1.5095261118447307 0.2029636895307481 -1.4656809858970055 0.1610514285196356 -1.4664688477286225 0.11017424206009348
-1.4552545150902352 -0.016735311564004884 -1.4529625252483414 -0.07514942363982269 -1.5289864640880766 -0.09114733362509701 -1.5638923077736457 -0.06787693380739546 -1.5643865264744756 -0.007503510926957543 -1.5215879576255613 0.02159027542415895
-1.5207055994095278 0.06719826017559351 -1.577696645275964 0.1191834144784395 -1.6472338537450064 0.0803372680470201 -1.6284860002651302 0.019464888077278433 -1.5675477661905377 -0.0029518767454774428 -1.5247491973416234 0.02614190960563905
-1.3986820929247776 0.017568226680382153 -1.342220216128692 -0.03458283103940797 -1.3449911792915106 -0.056092736148031896 -1.4199648088960557 -0.1064284527494625 -1.4472591781405386 -0.07544262949000259 -1.4495511679824324 -0.01702851741418479
-1.3846634817555223 0.0649373359997777 -1.3409132964585175 0.09324683577756672 -1.2913500257548076 0.06688598273885556 -1.2826018807169222 0.004692510599894492 -1.3391504055386516 -0.030474737811291223 -1.3956122823347372 0.021676319908498894
-2.027086549553054 0.15545681707820647 -2.0850651833559826 0.18712924818601767 -2.125752646918026 0.1545362358813891 -2.130355448406099 0.10847490793345535 -2.088422537946077 0.07035384467288124 -2.0243322254600504 0.11179127886447446
-1.6788430525562725 -0.07439592192953653 -1.635638069581397 -0.11569842732787194 -1.636216787677292 -0.1360497905007643 -1.6924486367417133 -0.1957616650735156 -1.7584554449316654 -0.15558424682304717 -1.7536585701914242 -0.10630692168102755
-1.676151919006906 -0.028941703618093857 -1.6308844402756053 0.014621386417638958 -1.5699462062010128 -0.007795378405116918 -1.5694519875001829 -0.06816880128555483 -1.6322961637631057 -0.11143217201272596 -1.6755011467379812 -0.07012966661439053
-1.964879068863081 -0.10330941557913845 -1.9098757496295433 -0.07611378217288742 -1.8704306166545088 -0.09646829207492369 -1.8595386795294948 -0.161582310861926 -1.8985611210258446 -0.2001947550565506 -1.9664437837340143 -0.14647944865606663
-1.854191630435356 -0.16122776476714826 -1.786531596355344 -0.16682404085353325 -1.764062299652166 -0.15523262598715049 -1.7592654249119248 -0.10595530084513088 -1.798948609224676 -0.05624899459505374 -1.86508356756037 -0.09611374598014594
-1.8563684648912981 -0.16580417634308747 -1.7887084308112862 -0.1714004524294725 -1.8008369335381196 -0.2602688054072463 -1.8518645133038905 -0.27093344077546944 -1.8961340139206413 -0.21794836664788092 -1.895390906387648 -0.20441662053771206
-1.9691237248335849 -0.15065172128894588 -2.0210598053349793 -0.18608708677116112 -2.0182081508292584 -0.25206532690683425 -1.9797050386033102 -0.27375078389103064 -1.9019841696584086 -0.21789877379959868 -1.9012410621254152 -0.20436702768942983
-1.9705495183204746 -0.10310402889159358 -2.018183907543949 -0.06472226928708236 -2.0842686642229125 -0.11298047405199431 -2.081016317352185 -0.15071134024617952 -2.0240503136928027 -0.18170942745073704 -1.972114233191408 -0.14627406196852177
-1.9779052631484948 0.01880436511141991 -2.020034606558857 -0.011468163803736987 -2.0153107687511804 -0.060292856416526264 -1.9676763795277064 -0.0986746160210375 -1.9126730602941686 -0.07147898261478647 -1.9118062209111095 -0.004861803684710911
-1.976897307654404 0.07346431092311462 -2.0217038130352663 0.10757783665961651 -2.085794125521293 0.06614040246802329 -2.077266671388992 0.01910882791731987 -2.0230362632378043 -0.007217319424879909 -1.980906919827442 0.023055209490276996
-1.8658737268487375 0.18697771755766546 -1.915026855049248 0.15734891915988114 -1.9627838269650162 0.19034478474047636 -1.967069347966604 0.240974756812954 -1.9179979045316369 0.2753241175564234 -1.856568537445144 0.237400114201174
-1.9177938186840202 0.15328553295703015 -1.9196581995194533 0.1159457417943954 -1.973995230440353 0.07778626757022282 -2.018801735821215 0.1118997933067247 -2.0215560599142184 0.1555653315204567 -1.9655507905997884 0.18628139853762535
-1.9726498513365804 0.24103558098916786 -2.0287874766282705 0.2715599141266552 -2.078461111801973 0.24161669223486942 -2.0823482334523518 0.1913619730073328 -2.024369599649423 0.15968954189952156 -1.968364330334993 0.1904056089166902
-1.9699349060192615 0.2453440882369215 -2.0260725313109513 0.2758684213744088 -2.0228048988348633 0.3159043426965669 -1.9691827885422106 0.3620410882223255 -1.9203285778337271 0.3338387913940589 -1.9208634625842946 0.2796934489803909
-1.8535794517340334 0.24182997747985802 -1.79259436120188 0.2786127141482826 -1.7964677001269778 0.32050709294770013 -1.854505647519744 0.36535091481093235 -1.9144739340699588 0.33389932324877547 -1.9150088188205263 0.27975398083510744
-1.8601349050569418 0.18691930877250507 -1.799569198043735 0.14444823921752123 -1.7463025021594107 0.19342248708592408 -1.749980637756268 0.2451051732329269 -1.7898446251211948 0.2741244420844382 -1.8508297156533482 0.23734170541601363
-1.744007692708434 0.06849513041158581 -1.7496488188837218 0.0071098218571189545 -1.7971303625682076 -0.026246247197217715 -1.8574224852905459 0.0285909823682985 -1.8536782521175272 0.05677887026435863 -1.7969785064964188 0.09755931311234764
-1.746795343304865 0.0028285392314499128 -1.682003728882883 -0.0290218678576401 -1.681352956613958 -0.07020983085393677 -1.7561684742491097 -0.10212083060542779 -1.795851658561861 -0.05241452435535065 -1.7942768869893506 -0.03052752982288676
-1.8602903411495884 0.02477743712281371 -1.90628624192743 -0.0048398495281467835 -1.907153081310489 -0.07145702845822233 -1.8677079483354546 -0.0918115383602586 -1.8015729899997606 -0.05194678697516641 -1.7999982184272503 -0.030059792442702515
-1.7384213428978148 0.06859161742494382 -1.6799948688489876 0.0940021207386649 -1.652751229399696 0.07979137178686144 -1.63400337591982 0.018918991817119774 -1.6792708546511206 -0.02464409821861304 -1.7440624690731026 0.00720630887047697
-1.8594839454075442 0.05729600138860212 -1.9169764785018522 0.11172557129472252 -1.9713135094227516 0.07356609707054994 -1.9753231215957896 0.02315699563771232 -1.9092240793584045 -0.0005091731584185022 -1.8632281785805629 0.029108113492541988
-1.7998908632988389 0.10190747077875659 -1.8024999259651049 0.1400541178423232 -1.8630656329783115 0.18252518739730703 -1.9122187611788222 0.15289638899952274 -1.9140831420142552 0.11555659783688799 -1.8565906089199475 0.061127027930767575
-1.7410917324276094 0.07283201879715556 -1.6826652583787824 0.09824252211087663 -1.6910548254645277 0.15068378968754018 -1.743404912997536 0.18901709642988684 -1.7966716088818602 0.140042848561484 -1.7940625462155941 0.10189620149791738
